16 32 0.039744 0.0362267 0.0523312 0.11724 0.329425 0.312021 0.107328 0.0482803 0.0343269 0.0388519 0.0291354 0.0338011 0.0501306 0.107506 0.100608 0.0479689 0.032828 0.0292326 0.0764551 0.0652599 0.0859169 0.163686 0.358912 0.346036 0.15285 0.0809582 0.0634446 0.180283 0.184396 0.179881 0.184647 0 
0.0367242 0.0295576 0.0330794 0.0479381 0.107818 0.186518 0.154924 0.0721863 0.0387083 0.0336216 0.0303606 0.0386875 0.0667907 0.177641 0.300728 0.249918 0.110636 0.0488611 0.0699105 0.0598748 0.071662 0.114492 0.257773 0.365946 0.338218 0.176944 0.0874775 0.20631 0.209905 0.211372 0.204301 0 
0.0944314 0.0466065 0.0360824 0.0331089 0.041062 0.0598086 0.131914 0.23018 0.167596 0.0998762 0.0516482 0.0400318 0.0385659 0.0499923 0.0804155 0.168811 0.260713 0.176798 0.186871 0.0980373 0.0758548 0.0715727 0.0906953 0.139102 0.265554 0.369556 0.297099 0.2101 0.216954 0.216994 0.208085 0 
0.303079 0.192118 0.111779 0.071575 0.0758796 0.0665538 0.0640956 0.0916127 0.1427 0.195453 0.112218 0.0739016 0.0599233 0.0720867 0.0719105 0.0790607 0.128073 0.218816 0.372574 0.280342 0.182131 0.131051 0.144276 0.136704 0.142388 0.21243 0.314952 0.248059 0.250263 0.252885 0.253242 0 
0.0875946 0.103473 0.151645 0.219245 0.289564 0.258015 0.1646 0.107031 0.0831868 0.0819944 0.0858927 0.112356 0.14871 0.192445 0.175107 0.12298 0.0913064 0.0786405 0.167219 0.188347 0.254538 0.330642 0.37839 0.35961 0.274606 0.196681 0.161447 0.300499 0.300714 0.300191 0.302424 0 
0.080336 0.0683384 0.0742587 0.0958175 0.167063 0.247759 0.278654 0.239744 0.149824 0.108106 0.0739847 0.0679625 0.0741675 0.102798 0.127415 0.141871 0.13426 0.0947615 0.184203 0.141854 0.14157 0.169077 0.257088 0.329849 0.351114 0.326209 0.236682 0.270541 0.281032 0.272644 0.272788 0 
0.0816436 0.153843 0.274258 0.205206 0.111145 0.0557505 0.0375628 0.0344687 0.0368581 0.0567855 0.109317 0.218539 0.16667 0.0838398 0.0492934 0.0383097 0.0380589 0.0450411 0.136581 0.242532 0.366828 0.310579 0.188196 0.104585 0.0757646 0.0722643 0.0818089 0.214772 0.207134 0.207741 0.217275 0 
0.121454 0.0862167 0.0804969 0.0847333 0.115724 0.114201 0.0942778 0.0888411 0.0863116 0.105952 0.100645 0.121608 0.166827 0.268154 0.286861 0.226379 0.174428 0.133064 0.217583 0.185393 0.199478 0.244282 0.337802 0.348403 0.298697 0.253346 0.215955 0.291277 0.286425 0.293798 0.28633 0 
0.0438411 0.0459682 0.0742157 0.13208 0.163331 0.101308 0.0541432 0.040831 0.0380095 0.0518946 0.0669918 0.132724 0.259837 0.317352 0.193928 0.0822763 0.0494607 0.0387815 0.0945925 0.112582 0.19994 0.331801 0.368607 0.268721 0.135862 0.0901481 0.076719 0.226793 0.219275 0.221441 0.221998 0 
0 0 0 0 0 0 0 0 0 0 0 0 0 0 0 0 0 0 0 0 0 0 0 0 0 0 0 0 0 0 0 1 
0.171504 0.149096 0.13814 0.13479 0.152253 0.155745 0.166024 0.179844 0.180674 0.179447 0.153074 0.139547 0.135134 0.151437 0.155475 0.168499 0.18 0.17634 0.319661 0.289805 0.269506 0.263134 0.287779 0.293843 0.313128 0.328956 0.329363 0.337396 0.338482 0.337882 0.337748 0 
0.158064 0.182951 0.204917 0.184442 0.163142 0.116416 0.096784 0.0958901 0.109121 0.15102 0.179142 0.208171 0.19683 0.174278 0.123872 0.102566 0.101238 0.114974 0.288041 0.328538 0.353632 0.337765 0.309331 0.235364 0.198292 0.195943 0.221508 0.31514 0.312123 0.313133 0.315315 0 
0.278201 0.0825399 0.0285345 0.0188578 0.0238343 0.0227236 0.0190425 0.0295636 0.0901763 0.281987 0.0765204 0.0264 0.0184883 0.0246312 0.0225227 0.018944 0.0294344 0.086102 0.382623 0.150917 0.0548612 0.0373026 0.0477675 0.0448403 0.0379622 0.0588936 0.164128 0.13907 0.14063 0.137312 0.138491 0 
0.0622453 0.048312 0.0494762 0.0505329 0.0752035 0.0632494 0.0505654 0.0488439 0.0466148 0.0616263 0.0495549 0.0549701 0.0559264 0.0834261 0.070018 0.0538704 0.0519325 0.0487347 0.119065 0.0961091 0.102406 0.104182 0.148006 0.128358 0.102518 0.0991656 0.0939424 0.113626 0.12746 0.113428 0.128719 0 
0.0208585 0.0149366 0.0187241 0.0374637 0.215438 0.193338 0.0349184 0.0182011 0.01495 0.020325 0.0161717 0.0213334 0.0491341 0.315436 0.287295 0.0459482 0.0208805 0.0160066 0.040514 0.0311019 0.0400516 0.0865158 0.368298 0.353008 0.0808402 0.039063 0.0309431 0.160727 0.160071 0.160628 0.160258 0 
0.128987 0.127005 0.0921389 0.055297 0.051545 0.0493606 0.0522385 0.07971 0.147279 0.2887 0.292954 0.190056 0.0952144 0.0700265 0.0509433 0.0432894 0.0506256 0.068813 0.34418 0.345201 0.258222 0.148991 0.119824 0.0994651 0.0952953 0.129109 0.208567 0.232097 0.227746 0.224557 0.227367 0 
