256 32 0.0644858 0.0648189 0.0860583 0.132617 0.342796 0.163895 0.0764182 0.0592145 0.0495044 0.0518225 0.043058 0.0512083 0.062012 0.125039 0.0981776 0.0651247 0.0581147 0.0537582 0.116047 0.107722 0.13663 0.192917 0.376721 0.255011 0.141287 0.116549 0.10265 0.190306 0.196865 0.190102 0.199652 0 
0.0443611 0.0502055 0.0705894 0.118337 0.230446 0.250021 0.121573 0.0699343 0.0514862 0.0445627 0.0409787 0.049494 0.0628378 0.0995078 0.0999544 0.0609105 0.0459304 0.0412008 0.0885736 0.0910927 0.119499 0.177666 0.285081 0.299386 0.179353 0.115499 0.0925106 0.253477 0.113558 0.252019 0.112714 0 
0.0266438 0.0306579 0.0520492 0.151224 0.36202 0.318918 0.0840624 0.0384975 0.0276637 0.0272093 0.0317219 0.0521269 0.12323 0.266825 0.158401 0.0586688 0.0333486 0.0246862 0.0538521 0.0623797 0.10413 0.26704 0.396339 0.378982 0.142698 0.0718408 0.0523501 0.218995 0.221787 0.216976 0.222791 0 
0.0291323 0.0354738 0.0592073 0.140076 0.354742 0.378798 0.302371 0.0998059 0.0447647 0.0315098 0.0258259 0.0307603 0.0434785 0.0691547 0.0663738 0.0531072 0.0370431 0.028149 0.0606401 0.061299 0.0899499 0.182837 0.376731 0.388267 0.337042 0.136599 0.0729095 0.214463 0.216545 0.21654 0.215 0 
0.068363 0.062624 0.0653572 0.0873317 0.336729 0.349528 0.0918362 0.0669093 0.0637477 0.0718662 0.0677494 0.066823 0.0687093 0.14937 0.135744 0.0660673 0.0608013 0.0621419 0.140215 0.130074 0.131879 0.155977 0.381825 0.387396 0.157821 0.127336 0.125493 0.224142 0.234086 0.224191 0.232894 0 
0.0166484 0.0166715 0.0261023 0.0712377 0.366947 0.186671 0.0367255 0.0196982 0.0143737 0.0161374 0.013628 0.0195081 0.0328006 0.0766368 0.0509461 0.0252425 0.0167599 0.0137498 0.0327808 0.0302962 0.0455574 0.103865 0.377258 0.231311 0.0619661 0.0364469 0.0281132 0.120874 0.119338 0.11933 0.121512 0 
0.00929844 0.00852003 0.0125623 0.030432 0.329278 0.377288 0.036828 0.0138195 0.00949248 0.00980988 0.00832972 0.0105324 0.0162795 0.0452569 0.0486734 0.0175244 0.00998504 0.00784164 0.0191048 0.0168498 0.0230943 0.0467114 0.345289 0.384228 0.0543525 0.0238046 0.0173341 0.117605 0.118762 0.117815 0.118035 0 
0.0435405 0.0512716 0.0727955 0.121112 0.234349 0.248584 0.122325 0.069889 0.0499761 0.044082 0.0409363 0.0474496 0.0621259 0.0954833 0.0913147 0.0597795 0.0456373 0.0400569 0.0872693 0.0919108 0.119457 0.178701 0.282519 0.291803 0.178068 0.115073 0.0898579 0.105127 0.256341 0.10572 0.259102 0 
0.0185805 0.0179687 0.0223863 0.0441869 0.182987 0.369 0.24643 0.0638639 0.0306486 0.0232201 0.0192026 0.0207457 0.0277897 0.0527383 0.0649309 0.0405816 0.0252584 0.0173814 0.0417797 0.0371565 0.0431034 0.0719735 0.229601 0.377984 0.276761 0.088957 0.0480273 0.147808 0.156652 0.15234 0.150313 0 
0.0318892 0.0532852 0.119417 0.3095 0.380916 0.34627 0.124348 0.053632 0.0306399 0.0251675 0.0241544 0.0328475 0.0445788 0.0573552 0.0568252 0.0355827 0.0266611 0.0259521 0.0570515 0.0774195 0.151362 0.336539 0.388334 0.36717 0.159697 0.0802628 0.0565919 0.209639 0.210034 0.206491 0.212462 0 
0.0332365 0.0323556 0.0452181 0.0956877 0.339893 0.354497 0.127815 0.0512499 0.0322793 0.0297133 0.028711 0.0374095 0.065813 0.190647 0.266859 0.107724 0.0521784 0.0351172 0.0629497 0.0610655 0.0826116 0.161429 0.389051 0.397096 0.233777 0.103359 0.0673964 0.226529 0.226717 0.228172 0.226686 0 
0.262383 0.103771 0.0687274 0.0816375 0.305757 0.29979 0.0580132 0.0349987 0.0389655 0.081779 0.0382794 0.0284776 0.0337424 0.100226 0.11903 0.0410409 0.0386176 0.0707734 0.316503 0.141113 0.0970872 0.11532 0.34953 0.351344 0.0989862 0.0735866 0.1093 0.213209 0.211262 0.208752 0.218131 0 
0.090749 0.0405675 0.0357216 0.0585311 0.308373 0.301693 0.0798192 0.063778 0.102737 0.277672 0.0756986 0.0404757 0.0455439 0.131078 0.108533 0.036571 0.0289023 0.0375474 0.328942 0.115673 0.0761227 0.103867 0.359059 0.348045 0.116225 0.0926427 0.139507 0.216021 0.230144 0.214134 0.218387 0 
0.0191997 0.0181653 0.0240431 0.0517241 0.360468 0.361642 0.0553187 0.0247404 0.0183887 0.0190735 0.0184231 0.0252586 0.0455857 0.156979 0.148898 0.0453658 0.0238634 0.0181731 0.0382733 0.0365883 0.0492918 0.0973099 0.387762 0.389038 0.100677 0.0486038 0.0365618 0.167902 0.170273 0.168085 0.17034 0 
0.0250176 0.0344243 0.0813921 0.329739 0.372901 0.146366 0.0441517 0.0260819 0.0197521 0.0199458 0.0201256 0.0276264 0.0493377 0.0715722 0.0534622 0.0316461 0.0219519 0.0198715 0.0448796 0.0545359 0.108853 0.350316 0.38201 0.197103 0.0757383 0.0479811 0.0396149 0.165266 0.162044 0.161362 0.169101 0 
0.0215855 0.0265574 0.0448457 0.120334 0.381065 0.371187 0.116659 0.0465791 0.0270607 0.0224646 0.018106 0.0222205 0.0309585 0.0472152 0.0437466 0.0293314 0.0216963 0.018263 0.0440482 0.0446634 0.0670485 0.151245 0.387443 0.380087 0.145953 0.0682627 0.045322 0.164908 0.167784 0.164119 0.167797 0 
0.0300802 0.0234879 0.0264685 0.0350596 0.0575386 0.059186 0.0452204 0.0321118 0.0249608 0.0237276 0.0284064 0.0471196 0.114549 0.335117 0.382141 0.330291 0.111508 0.0454527 0.0537803 0.051893 0.0735645 0.149369 0.36009 0.389385 0.351734 0.14339 0.0704007 0.205509 0.206779 0.209669 0.204131 0 
0.0451793 0.0308297 0.0282878 0.0308932 0.040847 0.0562282 0.0637245 0.059728 0.0384853 0.0302772 0.0268624 0.0348779 0.0582795 0.144109 0.329023 0.36953 0.292775 0.0948187 0.0754039 0.057685 0.0631189 0.0891504 0.183962 0.35312 0.3807 0.328601 0.133014 0.205891 0.214559 0.212665 0.203502 0 
0.0429319 0.030107 0.0327719 0.0615105 0.201442 0.24084 0.123988 0.0769396 0.0326769 0.0256698 0.0210426 0.0256452 0.0408039 0.131948 0.236706 0.307347 0.295047 0.0790536 0.068515 0.0511496 0.0584111 0.102229 0.300754 0.364121 0.355694 0.339946 0.111679 0.233655 0.235982 0.24239 0.233824 0 
0.0358673 0.0351505 0.0475842 0.0933362 0.280366 0.290093 0.128959 0.0558739 0.0343432 0.0286411 0.0292552 0.0391089 0.0753624 0.215065 0.34485 0.278965 0.0857636 0.0443671 0.0645009 0.064385 0.0866745 0.168154 0.380542 0.396408 0.358182 0.141561 0.0786702 0.252342 0.250667 0.256338 0.250837 0 
0.0190781 0.0171081 0.0195598 0.0306393 0.107627 0.327693 0.137031 0.0432176 0.0236094 0.0204948 0.0171733 0.021068 0.0336908 0.114103 0.339975 0.15363 0.044079 0.0231519 0.0395729 0.0342815 0.0406232 0.06433 0.217938 0.394206 0.279591 0.0872166 0.0467613 0.177809 0.175945 0.179096 0.170916 0 
0.0220429 0.0152012 0.0159454 0.0223529 0.0478639 0.142005 0.297054 0.172548 0.0426616 0.0246381 0.0179239 0.018819 0.0262684 0.0604466 0.208619 0.336095 0.155886 0.0354011 0.0466622 0.0331214 0.0347644 0.0486143 0.108209 0.313602 0.39298 0.297728 0.0780415 0.192421 0.196394 0.204389 0.190156 0 
0.0497566 0.0482277 0.0583875 0.0791219 0.127381 0.180389 0.151343 0.0911736 0.0595731 0.0482937 0.0483564 0.0606508 0.080969 0.136933 0.197004 0.173759 0.100772 0.0605773 0.0978935 0.0964763 0.118331 0.159398 0.249373 0.318984 0.293986 0.188904 0.120004 0.166015 0.262301 0.156325 0.241567 0 
0.135761 0.0657907 0.0439315 0.0426758 0.0852917 0.170484 0.09521 0.0517503 0.0635148 0.126044 0.0566144 0.0392686 0.0457762 0.117489 0.331427 0.208403 0.0723606 0.07852 0.250362 0.121557 0.0830831 0.0884368 0.199732 0.380154 0.278394 0.124051 0.141607 0.214603 0.214978 0.220556 0.212673 0 
0.0187531 0.0151548 0.0175525 0.0234848 0.04108 0.0607888 0.0563519 0.0320083 0.0199948 0.0171136 0.0152634 0.0194507 0.0318816 0.110313 0.347338 0.342108 0.0641306 0.0250769 0.0358643 0.0303926 0.0368542 0.0552471 0.150693 0.363144 0.358262 0.0960074 0.0450513 0.147759 0.148287 0.155209 0.141689 0 
0.0255491 0.0233092 0.0302023 0.0545754 0.168332 0.34669 0.304217 0.0814133 0.039343 0.0310048 0.0313813 0.0424297 0.0813153 0.245131 0.306478 0.144911 0.0550735 0.0300625 0.0565431 0.0546905 0.0726186 0.135751 0.356564 0.396928 0.37405 0.136287 0.0694057 0.240653 0.241718 0.242681 0.237271 0 
0.0474128 0.0435237 0.0483131 0.0623052 0.0973835 0.117803 0.106664 0.0741193 0.0527189 0.0461978 0.0488104 0.0588893 0.0879757 0.169199 0.226319 0.189817 0.106489 0.0657701 0.0933911 0.0922953 0.106979 0.149283 0.244938 0.295324 0.26906 0.177009 0.118176 0.253519 0.117261 0.280165 0.126728 0 
0.0391058 0.0347983 0.0402876 0.0585613 0.116248 0.220237 0.244929 0.15433 0.0649338 0.0430573 0.0384009 0.047366 0.0779698 0.186192 0.33842 0.316137 0.141782 0.0594574 0.0821612 0.0731992 0.0875439 0.136457 0.289835 0.392559 0.392096 0.283183 0.12434 0.261767 0.263108 0.265764 0.256912 0 
0.0217224 0.0177894 0.018841 0.0293038 0.08516 0.326993 0.354656 0.0762841 0.0297743 0.0226819 0.0195275 0.0229127 0.0327298 0.0634737 0.120268 0.10949 0.0518185 0.026605 0.0443918 0.0373152 0.0417094 0.0620102 0.148282 0.364188 0.380019 0.127351 0.0563772 0.165109 0.171708 0.173441 0.163859 0 
0.047132 0.0339984 0.0371442 0.0416992 0.0597127 0.0572498 0.0448815 0.0409564 0.0313688 0.0325917 0.0363596 0.0536275 0.0887023 0.209698 0.292677 0.211984 0.120137 0.0675678 0.079402 0.0703361 0.0905543 0.12993 0.252572 0.315676 0.246588 0.159157 0.0986972 0.131071 0.236604 0.126105 0.21685 0 
0.0182445 0.0150691 0.0185175 0.0257304 0.0750661 0.306834 0.308226 0.0590661 0.023806 0.0184808 0.0150334 0.018695 0.0280138 0.0791653 0.322688 0.322319 0.0564342 0.0230788 0.0367182 0.0301017 0.0372095 0.05374 0.154134 0.394531 0.397453 0.115467 0.0468814 0.200394 0.20962 0.204949 0.202666 0 
0.0391391 0.038329 0.0457101 0.0683555 0.145526 0.203446 0.133747 0.089115 0.0517289 0.0417302 0.0401527 0.0520913 0.0965284 0.304104 0.348868 0.15608 0.0787247 0.0469161 0.0808669 0.0784774 0.0977639 0.164774 0.373112 0.392077 0.28216 0.166937 0.09862 0.237967 0.228728 0.239336 0.227476 0 
0.0667235 0.0369058 0.0294211 0.0286323 0.0370791 0.0561909 0.124395 0.319123 0.354984 0.313289 0.104151 0.0535066 0.0396598 0.0428601 0.0521462 0.0752811 0.103236 0.0783943 0.348469 0.140782 0.0829101 0.0682732 0.0798817 0.108127 0.196382 0.363425 0.374319 0.224975 0.232515 0.226365 0.219336 0 
0.162897 0.0500898 0.0287161 0.0220304 0.0231861 0.0333519 0.0630666 0.220977 0.302858 0.20118 0.0679806 0.0375219 0.0292298 0.0342611 0.0474978 0.0957642 0.284826 0.30661 0.329068 0.117827 0.0662277 0.0512595 0.0574054 0.0805279 0.158415 0.376981 0.390421 0.234608 0.240478 0.240734 0.232658 0 
0.0568657 0.0349292 0.0269064 0.0266944 0.0406141 0.0838311 0.264804 0.36453 0.30434 0.123166 0.0549209 0.0361692 0.0315481 0.036595 0.053343 0.0923779 0.101902 0.0763727 0.177944 0.0898081 0.0630728 0.0582398 0.0771362 0.136733 0.328084 0.382418 0.345071 0.209245 0.223635 0.213079 0.207232 0 
0.0324111 0.0214894 0.0205256 0.02163 0.0337312 0.0790794 0.300741 0.346577 0.0884747 0.0366213 0.0236467 0.0222641 0.0230729 0.0289286 0.0449271 0.0890125 0.0954357 0.0443852 0.0687815 0.0451037 0.0427422 0.0446438 0.0626154 0.123426 0.342081 0.375208 0.13231 0.153377 0.163725 0.165832 0.15485 0 
0.15487 0.0445871 0.0253958 0.0209616 0.0248146 0.0278854 0.0376238 0.0618316 0.0610565 0.0429785 0.0287219 0.0232224 0.0232438 0.029955 0.0418698 0.0898088 0.337902 0.352075 0.194137 0.0732339 0.048592 0.0441669 0.0547004 0.0696569 0.127033 0.359559 0.368084 0.165349 0.173859 0.171684 0.162643 0 
0.185291 0.0849037 0.0567 0.0510639 0.0636782 0.0931501 0.205065 0.269709 0.184521 0.120643 0.0629439 0.0431249 0.0403495 0.0523657 0.080705 0.178808 0.315778 0.290227 0.289564 0.147641 0.0998214 0.0914135 0.11597 0.173294 0.340537 0.393309 0.375008 0.273684 0.281128 0.286045 0.280614 0 
0.043837 0.0261534 0.0197884 0.0197104 0.0237957 0.0308829 0.0686525 0.342183 0.329562 0.10998 0.0411246 0.0266168 0.0229756 0.0278301 0.0326181 0.0434132 0.0725167 0.0689205 0.152476 0.0671243 0.0463923 0.0426541 0.0515144 0.0633186 0.111864 0.363908 0.350954 0.156913 0.169189 0.158814 0.151738 0 
0.0423131 0.0257158 0.0232554 0.0249701 0.0388958 0.0822608 0.271669 0.320526 0.0836669 0.0388667 0.0238856 0.0220016 0.0248554 0.0380409 0.0840915 0.27719 0.333506 0.0966977 0.081127 0.0496014 0.045204 0.0498255 0.0768778 0.165666 0.387301 0.395787 0.179479 0.213727 0.22059 0.224049 0.214855 0 
0.0708065 0.0431934 0.0354239 0.0354367 0.0481309 0.0795868 0.171718 0.29463 0.221332 0.112067 0.065772 0.0495755 0.0541486 0.0755548 0.145042 0.30302 0.317784 0.153881 0.181195 0.10891 0.0849945 0.0895781 0.123539 0.221712 0.379662 0.393925 0.336632 0.267874 0.269121 0.274496 0.261934 0 
0.041716 0.0236141 0.0214935 0.0197714 0.025833 0.0361904 0.0697474 0.0856489 0.047409 0.0361022 0.0257535 0.0248554 0.0287825 0.0454493 0.107293 0.333403 0.357486 0.10469 0.0774806 0.0492367 0.0462122 0.0485359 0.0712114 0.142955 0.357353 0.377589 0.15123 0.16555 0.173277 0.173401 0.164341 0 
0.174924 0.0728872 0.0437717 0.035968 0.0408272 0.0499349 0.0610395 0.0665939 0.0601373 0.0549198 0.0393445 0.0366802 0.0447302 0.0741046 0.167079 0.318096 0.366535 0.321334 0.223359 0.112123 0.0804088 0.0806941 0.11478 0.213544 0.347984 0.380663 0.350815 0.234059 0.241428 0.245684 0.235254 0 
0.0913963 0.0550303 0.0442779 0.044326 0.0569071 0.0772326 0.122871 0.166991 0.158855 0.13107 0.0732734 0.0553372 0.0524688 0.0651589 0.0826086 0.117545 0.133691 0.116225 0.212391 0.127802 0.0995419 0.0965981 0.121251 0.157837 0.228139 0.275181 0.253708 0.202873 0.225236 0.168673 0.178796 0 
0.0325226 0.0170468 0.0157143 0.0152555 0.0219657 0.0316403 0.0826 0.295529 0.0871513 0.0356492 0.0202178 0.0188551 0.0173163 0.0232578 0.0352373 0.1041 0.336302 0.0920407 0.0677631 0.0370523 0.0345141 0.0325472 0.0450738 0.0665519 0.18435 0.393436 0.177334 0.147109 0.153612 0.157227 0.146576 0 
0.0895823 0.0745642 0.0818746 0.0650894 0.0617968 0.0677453 0.118946 0.294759 0.215642 0.125374 0.0999428 0.0992369 0.0828208 0.0803172 0.0828759 0.120913 0.207781 0.131403 0.211972 0.17355 0.177849 0.147065 0.141042 0.150032 0.235337 0.377271 0.31034 0.245682 0.246307 0.25545 0.242814 0 
0.0635283 0.0265392 0.0177879 0.0165963 0.0219461 0.0315434 0.0815994 0.3298 0.252045 0.0662793 0.0278337 0.0195549 0.0176976 0.0223307 0.0370793 0.0994183 0.346377 0.256292 0.129748 0.054373 0.0373428 0.0342799 0.0441997 0.0686047 0.179425 0.397547 0.380883 0.201416 0.208506 0.208421 0.199182 0 
0.111848 0.0731527 0.0667055 0.0617801 0.068981 0.0726622 0.0869454 0.0982554 0.0788594 0.0737872 0.0627351 0.0650411 0.0669171 0.0867261 0.112158 0.179385 0.275792 0.186445 0.181842 0.135365 0.130847 0.128257 0.153487 0.181963 0.253035 0.328657 0.253001 0.207515 0.197659 0.240161 0.216467 0 
0.341394 0.23618 0.137415 0.0853274 0.0709554 0.0579552 0.0601809 0.0653784 0.0620661 0.0683085 0.0632089 0.063454 0.0652054 0.0819642 0.105803 0.165504 0.287907 0.334644 0.368 0.287559 0.19847 0.149973 0.152176 0.162965 0.222577 0.331738 0.361233 0.272449 0.273846 0.285516 0.277318 0 
0.319573 0.23028 0.114827 0.103493 0.120032 0.109735 0.0992895 0.104532 0.157034 0.242325 0.151941 0.0842892 0.0826897 0.0942517 0.0934224 0.0867871 0.0982271 0.181917 0.391706 0.343634 0.198722 0.185557 0.212079 0.201255 0.18512 0.201423 0.314656 0.288303 0.292684 0.290199 0.295362 0 
0.35477 0.215437 0.079255 0.0466335 0.0386876 0.0373467 0.0441947 0.074552 0.186715 0.325537 0.180551 0.0680003 0.0440167 0.0384919 0.0376195 0.045583 0.0763169 0.20079 0.398524 0.347236 0.147169 0.090641 0.0771781 0.0749617 0.0897658 0.150749 0.342607 0.245362 0.24571 0.247775 0.248494 0 
0.349875 0.164738 0.0834257 0.0835776 0.148771 0.127419 0.0613071 0.0501484 0.0630803 0.0970148 0.0613686 0.0496611 0.0601569 0.124929 0.133079 0.0782854 0.0867308 0.189911 0.377521 0.22119 0.132911 0.143016 0.260333 0.249259 0.138824 0.136535 0.243865 0.234995 0.236364 0.237273 0.240521 0 
0.37752 0.309837 0.108485 0.0478475 0.0338958 0.0262007 0.0290683 0.0397519 0.0514748 0.0629831 0.0572059 0.0416643 0.032813 0.0312178 0.0347023 0.0533841 0.122006 0.32069 0.385907 0.341677 0.149804 0.0806398 0.065108 0.0608923 0.0824431 0.160745 0.348112 0.206109 0.207658 0.212893 0.212779 0 
0.301362 0.0876465 0.045406 0.0318525 0.033191 0.0366146 0.0465293 0.111599 0.28403 0.306752 0.0989054 0.0491237 0.0350497 0.0371159 0.0402416 0.0505432 0.115286 0.298419 0.393233 0.186224 0.0945059 0.0668953 0.0702283 0.0767882 0.0970633 0.221962 0.391685 0.236845 0.238193 0.237948 0.234367 0 
0.198326 0.140882 0.0895034 0.0643515 0.0708625 0.0771515 0.102434 0.208816 0.323323 0.304386 0.125069 0.0684029 0.0531749 0.0517484 0.051443 0.0578271 0.082486 0.124029 0.379815 0.257642 0.157368 0.117419 0.122388 0.128366 0.159813 0.279469 0.371911 0.256676 0.266138 0.253165 0.258371 0 
0.342955 0.337617 0.302691 0.140418 0.0881986 0.0594696 0.0548121 0.0609944 0.0726447 0.0809825 0.0689861 0.0677302 0.0532073 0.0512668 0.0538117 0.0709802 0.122244 0.241276 0.371384 0.364204 0.344338 0.192578 0.139091 0.113093 0.125532 0.181548 0.300042 0.26125 0.262334 0.268822 0.277803 0 
0.346778 0.109353 0.0554473 0.0389016 0.0385004 0.0381848 0.0408189 0.0590517 0.0732794 0.0929301 0.0600563 0.0465786 0.0415323 0.0482269 0.0560655 0.0736436 0.180908 0.343991 0.373248 0.168802 0.10177 0.0802736 0.0865985 0.0940123 0.114259 0.234019 0.367005 0.200513 0.202117 0.213205 0.2064 0 
0.27353 0.138075 0.0762063 0.0535928 0.0536456 0.0619665 0.087962 0.164319 0.21729 0.263641 0.161976 0.0882776 0.0647936 0.0650363 0.0766824 0.111026 0.229325 0.28421 0.387405 0.285907 0.164118 0.11835 0.118638 0.138318 0.197567 0.349883 0.378512 0.291095 0.288984 0.296355 0.288654 0 
0.202508 0.146462 0.110827 0.0875503 0.0804016 0.0720243 0.0731492 0.0871962 0.108588 0.126208 0.100188 0.0860896 0.078806 0.0806182 0.0806158 0.0949735 0.120563 0.168437 0.292872 0.2359 0.193523 0.164807 0.159457 0.151535 0.1664 0.203488 0.260065 0.168279 0.159613 0.292388 0.277834 0 
0.302174 0.0878288 0.140116 0.0558402 0.245464 0.0280187 0.0495399 0.128905 0.0773345 0.233937 0.0622213 0.104167 0.0469458 0.231412 0.0271028 0.0571882 0.150809 0.100165 0.390143 0.149793 0.24064 0.10271 0.375224 0.055087 0.106709 0.270281 0.175294 0.25082 0.252518 0.249238 0.251115 0 
0.304735 0.241705 0.16125 0.0825557 0.0603337 0.0542948 0.0678721 0.111137 0.1847 0.249161 0.207932 0.158022 0.0911563 0.0708013 0.0642209 0.0798682 0.134146 0.244036 0.391338 0.369533 0.305467 0.173329 0.131101 0.118501 0.147691 0.241403 0.365443 0.302109 0.298674 0.305855 0.303881 0 
0.297432 0.104959 0.0637656 0.0639756 0.119782 0.126016 0.0711148 0.0713147 0.139668 0.330782 0.106129 0.0634084 0.0660287 0.125518 0.127587 0.0730831 0.0764569 0.132883 0.394225 0.209255 0.127062 0.129526 0.236663 0.24419 0.143533 0.147384 0.259299 0.256655 0.253793 0.256568 0.251159 0 
0.193189 0.143774 0.103767 0.0800645 0.0775446 0.0709443 0.0745992 0.0879508 0.113166 0.133496 0.103294 0.0843965 0.0754472 0.0826692 0.0832292 0.0981925 0.124786 0.169057 0.290021 0.236325 0.185118 0.154538 0.15827 0.152857 0.171058 0.208053 0.262382 0.269122 0.301318 0.149023 0.175993 0 
0.352452 0.338095 0.159144 0.0736313 0.060788 0.0487178 0.0431614 0.0496254 0.062674 0.0990662 0.0812939 0.0595799 0.0480034 0.0479826 0.047627 0.0488952 0.0638191 0.120645 0.375275 0.365165 0.215156 0.121434 0.108479 0.0961998 0.0917996 0.113088 0.182843 0.20906 0.209264 0.212238 0.220406 0 
0.0846893 0.101781 0.138251 0.16702 0.239377 0.208901 0.137905 0.106883 0.0903644 0.0845088 0.0870145 0.103595 0.114586 0.142937 0.125526 0.0959081 0.0838382 0.0816756 0.16811 0.187493 0.236575 0.270119 0.333963 0.306629 0.229447 0.189722 0.171329 0.202014 0.307522 0.208431 0.316641 0 
0.0968028 0.101318 0.156835 0.315854 0.322937 0.143468 0.108076 0.0893154 0.0734945 0.0717017 0.0664102 0.0802781 0.109539 0.139452 0.106762 0.10895 0.105428 0.0926369 0.167558 0.167427 0.234194 0.36833 0.376685 0.247001 0.214734 0.192803 0.165435 0.273763 0.266213 0.271003 0.268177 0 
0.0803336 0.0976739 0.164199 0.176422 0.227658 0.242139 0.188028 0.117749 0.0966166 0.0927927 0.118797 0.228138 0.219451 0.212079 0.187624 0.152908 0.10438 0.0860775 0.172893 0.215882 0.361845 0.353379 0.371262 0.369067 0.32345 0.221093 0.182528 0.330684 0.331115 0.327057 0.327795 0 
0.161287 0.240814 0.28665 0.301571 0.329491 0.283781 0.158871 0.09604 0.0678678 0.0594562 0.0553718 0.0550716 0.061123 0.0803076 0.0924354 0.0892581 0.0879569 0.103379 0.218184 0.289641 0.325472 0.33916 0.366175 0.345247 0.243654 0.18319 0.170753 0.30196 0.304488 0.30507 0.31918 0 
0.187426 0.112267 0.101767 0.145065 0.324434 0.29515 0.117611 0.0857333 0.0970611 0.178334 0.0988578 0.0835649 0.0988139 0.178296 0.160904 0.0799489 0.0686224 0.0852201 0.331707 0.208843 0.184678 0.239861 0.385345 0.37184 0.196444 0.154165 0.181387 0.2927 0.294783 0.293131 0.297448 0 
0.114722 0.135247 0.126967 0.207875 0.261634 0.224173 0.144365 0.107602 0.106436 0.113667 0.130904 0.120955 0.190413 0.238671 0.206003 0.138 0.103408 0.105486 0.227223 0.263512 0.247254 0.358224 0.388678 0.369998 0.278025 0.210776 0.211288 0.32644 0.326716 0.327454 0.328244 0 
0.0515711 0.0650675 0.105632 0.24897 0.34644 0.281869 0.116666 0.069309 0.0521284 0.0481021 0.0574751 0.0895244 0.182951 0.280745 0.228691 0.108437 0.0682727 0.0514165 0.0996733 0.122517 0.194886 0.371367 0.398279 0.388357 0.224758 0.137532 0.103538 0.289872 0.287026 0.289341 0.290229 0 
0.0960278 0.12778 0.205149 0.273304 0.325252 0.30301 0.243007 0.185865 0.143829 0.116239 0.105144 0.10841 0.103918 0.107788 0.0980462 0.0870992 0.0843501 0.0863258 0.210279 0.231244 0.300767 0.346958 0.376202 0.360536 0.31501 0.265995 0.22855 0.32578 0.335216 0.324831 0.334348 0 
0.0564412 0.0631213 0.0919482 0.181625 0.32684 0.309494 0.186925 0.0897868 0.0580747 0.0480407 0.0514504 0.0731291 0.120889 0.210632 0.267741 0.218233 0.106535 0.067336 0.104469 0.114565 0.164916 0.293507 0.392723 0.395131 0.362021 0.195622 0.125378 0.297626 0.297499 0.298898 0.297788 0 
0.0579739 0.0678443 0.098422 0.169199 0.223213 0.273674 0.230449 0.114823 0.0726919 0.0650191 0.0767133 0.117565 0.237591 0.28834 0.238203 0.157317 0.0880966 0.0624935 0.12295 0.144546 0.215525 0.359663 0.387742 0.388447 0.353921 0.202186 0.135124 0.312379 0.311625 0.311393 0.308921 0 
0.0619432 0.109319 0.266455 0.338531 0.355288 0.281639 0.122391 0.0717558 0.0526382 0.0538291 0.0628589 0.0931924 0.0934174 0.0965769 0.0849105 0.0560618 0.0448409 0.0454652 0.115741 0.171773 0.333003 0.374725 0.382623 0.337896 0.178082 0.116559 0.0980955 0.269092 0.268815 0.266707 0.275412 0 
0.0713913 0.104965 0.21592 0.269526 0.274166 0.193369 0.10569 0.075038 0.0638413 0.0666196 0.0971068 0.182262 0.243948 0.254896 0.195895 0.114463 0.0775407 0.0645146 0.137953 0.201557 0.35728 0.388796 0.390418 0.349912 0.219287 0.152486 0.128347 0.315957 0.313004 0.313694 0.316525 0 
0.0599852 0.0820795 0.139188 0.271003 0.358332 0.355145 0.281113 0.133084 0.0753654 0.058219 0.0552642 0.0648389 0.0810405 0.0937731 0.0874426 0.0765738 0.0625553 0.0552204 0.118177 0.137254 0.20289 0.331327 0.384949 0.381672 0.335841 0.195018 0.130535 0.281215 0.281879 0.281482 0.282168 0 
0.082024 0.101029 0.135566 0.168356 0.213237 0.220406 0.156656 0.100128 0.0837199 0.0783312 0.0933432 0.107371 0.12628 0.142115 0.136671 0.112279 0.0853724 0.0769364 0.159964 0.193338 0.238694 0.283249 0.32259 0.324106 0.261868 0.184903 0.160376 0.307351 0.220743 0.302421 0.21591 0 
0.0900876 0.102499 0.150191 0.217022 0.264071 0.241223 0.197514 0.158297 0.0981864 0.0810688 0.0872033 0.110298 0.153039 0.192604 0.204103 0.196801 0.170262 0.109666 0.170942 0.189505 0.257592 0.342747 0.379214 0.372258 0.354918 0.317116 0.207428 0.331341 0.332255 0.333561 0.33414 0 
0.0767606 0.0823449 0.100606 0.117325 0.307322 0.299907 0.122912 0.0880663 0.076893 0.079264 0.0804861 0.0940432 0.1162 0.289201 0.271501 0.105292 0.0800408 0.0721503 0.155949 0.162357 0.19398 0.233149 0.396004 0.394261 0.227476 0.167807 0.148818 0.289591 0.289773 0.289729 0.290697 0 
0.0728915 0.0875964 0.113947 0.108093 0.116485 0.147079 0.287136 0.286865 0.12392 0.0977554 0.102267 0.127781 0.11691 0.106729 0.0973952 0.124595 0.122805 0.0755682 0.169976 0.188573 0.235458 0.221228 0.219141 0.240892 0.358519 0.355733 0.198513 0.271237 0.279164 0.270276 0.270999 0 
0.0548884 0.0488059 0.0552015 0.0684801 0.115465 0.230939 0.325653 0.339477 0.321109 0.24391 0.126102 0.0754695 0.0587574 0.0554221 0.0506961 0.049845 0.0508601 0.0493087 0.285837 0.173829 0.130428 0.126999 0.170286 0.27355 0.350684 0.360303 0.347694 0.272187 0.285115 0.26956 0.26697 0 
0.0808599 0.0782558 0.0848726 0.102748 0.145395 0.187324 0.192579 0.163038 0.125618 0.0973529 0.0834779 0.0766971 0.0792341 0.0955706 0.104922 0.11019 0.100679 0.0910082 0.17656 0.161163 0.160907 0.180945 0.233651 0.275541 0.283442 0.254253 0.213269 0.261206 0.172188 0.302313 0.207009 0 
0.0923889 0.0700919 0.0741747 0.10986 0.265081 0.290854 0.20958 0.153561 0.0856678 0.0579907 0.0475314 0.0479226 0.0583906 0.10491 0.144709 0.202404 0.251922 0.144043 0.150175 0.117572 0.122076 0.1679 0.338484 0.36216 0.348883 0.350601 0.225432 0.279454 0.282503 0.288952 0.285676 0 
0.0731136 0.0543784 0.0523726 0.0603891 0.0960081 0.155352 0.236963 0.312729 0.255283 0.138036 0.0852873 0.0740987 0.0855639 0.132758 0.19596 0.197629 0.155425 0.108871 0.20905 0.139605 0.126455 0.145809 0.225815 0.321393 0.360769 0.377815 0.335776 0.292178 0.297381 0.289083 0.28582 0 
0.136265 0.0772823 0.0549402 0.0651782 0.151541 0.311884 0.258665 0.134988 0.139233 0.234479 0.105588 0.0655846 0.058702 0.0934911 0.124137 0.0915146 0.067604 0.0733836 0.332329 0.18042 0.120149 0.123797 0.237677 0.365228 0.320463 0.200527 0.208785 0.263008 0.278382 0.255527 0.261123 0 
0.0757947 0.0903921 0.122051 0.183178 0.291975 0.334714 0.342907 0.312204 0.195633 0.115263 0.0728768 0.0618099 0.0607277 0.0667639 0.0622229 0.0655242 0.0709592 0.0692331 0.189749 0.162761 0.182895 0.241185 0.337164 0.362907 0.371292 0.353831 0.259532 0.301473 0.312261 0.303865 0.305317 0 
0.0503104 0.052152 0.0663466 0.112504 0.25702 0.359593 0.34328 0.196344 0.0928487 0.0595883 0.0492696 0.0519313 0.0599872 0.0858305 0.0911248 0.0858902 0.0735293 0.0553729 0.109868 0.101364 0.118088 0.17209 0.319655 0.382615 0.373392 0.26336 0.148071 0.248471 0.25927 0.25052 0.251908 0 
0.0944568 0.0713825 0.0691863 0.0824717 0.120871 0.192449 0.262401 0.254556 0.143952 0.0866518 0.0678092 0.0670458 0.0812882 0.118428 0.2013 0.297218 0.29285 0.161612 0.180583 0.139136 0.136176 0.163572 0.23743 0.347559 0.394248 0.391266 0.293728 0.310832 0.315255 0.319346 0.311285 0 
0.169885 0.100337 0.0819973 0.0877563 0.134845 0.241785 0.307977 0.253228 0.145309 0.0975471 0.0584519 0.0474225 0.0504122 0.0656543 0.0998726 0.145565 0.214556 0.218869 0.25915 0.158596 0.129365 0.13812 0.199486 0.318812 0.374589 0.371019 0.33265 0.289108 0.298009 0.300285 0.301219 0 
0.0835854 0.0572537 0.0639623 0.0903094 0.25628 0.249921 0.166111 0.242884 0.249904 0.198345 0.0812839 0.0628236 0.0630611 0.11701 0.0934846 0.0609094 0.0674793 0.070919 0.269344 0.138176 0.126651 0.152879 0.333459 0.311388 0.224871 0.296042 0.302496 0.263454 0.283033 0.259515 0.266682 0 
0.0535409 0.0425705 0.0444463 0.0568936 0.104068 0.233448 0.337557 0.269782 0.0894047 0.0529701 0.0388079 0.0389527 0.0486711 0.0801542 0.162978 0.272085 0.240247 0.0883686 0.106399 0.0813741 0.0833782 0.105529 0.183613 0.344503 0.395159 0.380612 0.177322 0.260341 0.269499 0.270491 0.26265 0 
0.100965 0.096695 0.104299 0.129208 0.182157 0.2701 0.277898 0.212433 0.150785 0.104018 0.0938022 0.0921223 0.10956 0.139443 0.170841 0.176471 0.155933 0.122898 0.204354 0.19007 0.195903 0.23722 0.309559 0.373689 0.378032 0.339662 0.269351 0.314497 0.321082 0.314523 0.317791 0 
0.0337411 0.0294096 0.0346666 0.0507378 0.110227 0.280077 0.367125 0.316077 0.112619 0.0551811 0.035836 0.0322735 0.0356712 0.0473905 0.0557834 0.0628722 0.0587091 0.0390301 0.0888631 0.0652322 0.0669132 0.0863369 0.156782 0.315106 0.37858 0.343543 0.151003 0.201874 0.2169 0.207277 0.202397 0 
0.0549203 0.0485293 0.0571704 0.085796 0.175832 0.276112 0.309349 0.25191 0.111677 0.0776944 0.0619732 0.0756543 0.111253 0.212727 0.249195 0.190926 0.124933 0.0696179 0.132433 0.110486 0.132743 0.196129 0.346289 0.38662 0.382808 0.341513 0.180919 0.301142 0.30436 0.299979 0.294358 0 
0.0853638 0.0803225 0.087805 0.105632 0.151353 0.183382 0.19099 0.166509 0.130017 0.102261 0.0813797 0.076328 0.0785239 0.0955234 0.0973908 0.100541 0.0991766 0.0884787 0.184578 0.160825 0.163203 0.18242 0.235671 0.262323 0.271629 0.253101 0.212959 0.193797 0.325896 0.152808 0.270759 0 
0.0383067 0.0671932 0.241085 0.333999 0.227477 0.0844744 0.0416373 0.03105 0.0315517 0.0463992 0.0873208 0.252751 0.265794 0.135658 0.0552037 0.0323892 0.0268017 0.0272074 0.0846 0.154199 0.375961 0.391761 0.329842 0.139263 0.0740173 0.0578514 0.0587563 0.247347 0.234841 0.234921 0.238089 0 
0.231659 0.326162 0.350048 0.255026 0.106428 0.0511148 0.0359112 0.0328352 0.0362844 0.0511359 0.0582745 0.0637778 0.054164 0.0436654 0.0374068 0.0374441 0.0507007 0.0911027 0.272903 0.350798 0.367854 0.295899 0.149328 0.0884184 0.0733332 0.0834405 0.127115 0.227014 0.219213 0.223295 0.232331 0 
0.0450981 0.0662387 0.0861402 0.0784447 0.0536849 0.0375862 0.0304375 0.0330412 0.04267 0.0869867 0.258607 0.363641 0.283186 0.117423 0.0531828 0.035397 0.0307184 0.0322775 0.131754 0.306861 0.381078 0.328491 0.16964 0.0905689 0.0658142 0.0636534 0.0749171 0.208414 0.199595 0.200782 0.208973 0 
0.0850867 0.114105 0.195998 0.138112 0.0977978 0.0740096 0.0629915 0.0654519 0.0622664 0.076338 0.105092 0.189732 0.144869 0.104335 0.0797846 0.0724808 0.0720094 0.0670736 0.159674 0.213418 0.325544 0.264708 0.196575 0.152588 0.134912 0.135879 0.12907 0.262606 0.20657 0.213 0.169896 0 
0.0739604 0.240133 0.323141 0.0877237 0.0383873 0.0263347 0.0200591 0.0215933 0.0299004 0.0689609 0.255227 0.333818 0.0917439 0.0395193 0.0250227 0.0194951 0.022594 0.0308489 0.142529 0.375593 0.39608 0.1787 0.0778005 0.0512386 0.0395538 0.0441857 0.0607492 0.209431 0.201189 0.203074 0.210531 0 
0.0706781 0.150864 0.310769 0.239403 0.116383 0.0644746 0.042439 0.0352492 0.0370561 0.0544931 0.107788 0.286635 0.310113 0.182698 0.0911625 0.0585365 0.0484681 0.0493429 0.124977 0.254064 0.394326 0.388915 0.288056 0.154865 0.100889 0.0835836 0.086372 0.269129 0.26064 0.264344 0.269624 0 
0.0403312 0.0920423 0.33748 0.318481 0.0939653 0.038472 0.0258252 0.0232054 0.022298 0.0291489 0.0378247 0.0736347 0.080128 0.0478539 0.0333469 0.0254214 0.0238574 0.0250493 0.0692711 0.129094 0.360717 0.347049 0.14113 0.071616 0.0512042 0.0469076 0.0472575 0.167767 0.154981 0.155355 0.166943 0 
0.106418 0.146039 0.205042 0.182362 0.142964 0.086724 0.0635341 0.058256 0.0578714 0.0728055 0.0830638 0.106235 0.0985452 0.0902892 0.0674059 0.0595377 0.0606299 0.0678591 0.175173 0.21981 0.282178 0.259722 0.220827 0.152354 0.122597 0.118285 0.125429 0.138534 0.210349 0.192394 0.286304 0 
0.0489456 0.0850711 0.277619 0.356796 0.300202 0.0953907 0.0442785 0.0317479 0.0282479 0.0338153 0.0404774 0.0607618 0.0646057 0.0601643 0.039806 0.030759 0.0279128 0.0305416 0.082371 0.125239 0.315492 0.371503 0.33333 0.134714 0.0749818 0.0595731 0.0587198 0.201786 0.190919 0.190727 0.197745 0 
0.0294158 0.0393572 0.0845375 0.0981381 0.0503131 0.0297484 0.0218469 0.0204042 0.0216198 0.0342235 0.0748599 0.331443 0.340924 0.10658 0.0397084 0.0262508 0.0229992 0.0219159 0.0633988 0.113961 0.362936 0.367156 0.155847 0.06944 0.0480645 0.0432445 0.0435083 0.170266 0.159273 0.159692 0.168034 0 
0.116431 0.255356 0.358237 0.341786 0.2519 0.106727 0.0570502 0.040145 0.0373301 0.0452536 0.0553156 0.0636044 0.0611171 0.0618156 0.0496241 0.0414928 0.0441878 0.0610523 0.160367 0.298646 0.374156 0.36318 0.298978 0.155601 0.0985172 0.0842686 0.0982893 0.243774 0.23599 0.237445 0.248417 0 
0.159267 0.281141 0.316567 0.135842 0.056591 0.0331027 0.0271481 0.0298102 0.0415683 0.0864698 0.156258 0.291366 0.225151 0.0888847 0.0515629 0.0414919 0.0474885 0.0699327 0.238012 0.359223 0.39273 0.327221 0.145243 0.0846459 0.0686311 0.077181 0.111443 0.255251 0.244016 0.254308 0.255051 0 
0.0310399 0.0738336 0.308104 0.0811379 0.0294005 0.0207851 0.0154155 0.0167852 0.0181247 0.0339255 0.0841541 0.336536 0.0874677 0.0322068 0.0223747 0.0170742 0.0186341 0.0192626 0.0644434 0.156485 0.394672 0.166829 0.0614654 0.0430016 0.0324896 0.0353055 0.0373866 0.151833 0.140268 0.142419 0.152967 0 
0.0337609 0.0757146 0.348349 0.265893 0.0663969 0.0325637 0.0213807 0.0183277 0.0195139 0.0319319 0.0689167 0.339643 0.277738 0.07191 0.034087 0.0235927 0.019841 0.020763 0.0654658 0.14443 0.397876 0.385919 0.138198 0.0665864 0.0449513 0.0381615 0.040277 0.213265 0.203523 0.204463 0.213276 0 
0.0702748 0.158887 0.317717 0.278645 0.115755 0.0624684 0.0461182 0.0450993 0.0557511 0.0964566 0.218391 0.320269 0.184321 0.0781956 0.0448249 0.0352563 0.0355598 0.0425693 0.166016 0.339487 0.396653 0.374151 0.193033 0.10725 0.0813704 0.0804668 0.0982749 0.263658 0.26058 0.254064 0.261866 0 
0.12447 0.32989 0.357317 0.0832438 0.0368048 0.028555 0.0214119 0.0227186 0.02368 0.0373956 0.0560886 0.070824 0.0448089 0.0349306 0.0306028 0.0265373 0.0300061 0.0455465 0.160373 0.350547 0.374307 0.12768 0.0716653 0.0588374 0.0478981 0.0526651 0.0691875 0.168951 0.158315 0.162643 0.172327 0 
0.105076 0.0865705 0.0815371 0.0797025 0.0900146 0.0869658 0.0755737 0.0738724 0.0790915 0.0907067 0.102186 0.121172 0.145362 0.186457 0.209502 0.181841 0.155387 0.12122 0.191129 0.186276 0.1991 0.220144 0.260329 0.276911 0.247986 0.223475 0.197008 0.187074 0.318504 0.173128 0.298147 0 
0.118982 0.0847321 0.0858764 0.0914587 0.131731 0.0885172 0.0978758 0.112315 0.104714 0.11738 0.102344 0.130875 0.172822 0.287751 0.15997 0.162682 0.172102 0.138083 0.232498 0.186685 0.21558 0.25816 0.362753 0.24672 0.255955 0.276369 0.238483 0.286475 0.273401 0.282417 0.27031 0 
0.138282 0.133574 0.129965 0.139153 0.146791 0.131071 0.10836 0.0866119 0.0918451 0.106495 0.121217 0.137505 0.207888 0.283263 0.294134 0.21672 0.139517 0.133386 0.241001 0.251573 0.262791 0.326111 0.36966 0.372632 0.311566 0.225504 0.22407 0.325593 0.317648 0.330522 0.320595 0 
0.159717 0.0696244 0.0537412 0.0567801 0.134498 0.143609 0.0712496 0.0751484 0.116645 0.265359 0.126459 0.096192 0.112818 0.302797 0.29624 0.100496 0.0787042 0.0889035 0.353912 0.194065 0.149482 0.168837 0.363604 0.364481 0.171159 0.153322 0.201719 0.285829 0.269158 0.282228 0.270093 0 
0.0751526 0.0718244 0.0797074 0.0941597 0.148327 0.143511 0.100032 0.0782655 0.0677569 0.0682994 0.0743575 0.0948635 0.149632 0.333403 0.342467 0.196878 0.116436 0.0882704 0.143413 0.146075 0.174047 0.241286 0.384448 0.38667 0.28568 0.194188 0.155894 0.27755 0.269847 0.278381 0.269444 0 
0.127356 0.0942459 0.0935397 0.0782649 0.0737938 0.0671436 0.064044 0.0702415 0.074638 0.0941143 0.129713 0.213773 0.267347 0.299471 0.300242 0.292093 0.277397 0.189983 0.21822 0.221863 0.295488 0.326552 0.344838 0.34232 0.335106 0.33084 0.259551 0.330409 0.331312 0.332222 0.329464 0 
0.121887 0.0750084 0.0538933 0.0506111 0.0652357 0.0816771 0.0881002 0.102973 0.124281 0.197968 0.14784 0.119161 0.11844 0.195984 0.308009 0.303231 0.187238 0.123972 0.297055 0.21905 0.172115 0.168803 0.256021 0.352288 0.352852 0.276049 0.241812 0.295881 0.2848 0.296836 0.284725 0 
0.0618092 0.0504073 0.0565106 0.0633892 0.0708707 0.0671463 0.0607281 0.0540096 0.0495591 0.056646 0.0775875 0.146861 0.285734 0.35274 0.357293 0.316701 0.167464 0.0885554 0.118351 0.127979 0.201801 0.33007 0.376143 0.37809 0.352076 0.219839 0.137983 0.282086 0.278806 0.283035 0.27989 0 
0.291396 0.12145 0.0741773 0.0701911 0.12438 0.0991453 0.0516254 0.0466168 0.0535365 0.0880092 0.06372 0.0624134 0.0964895 0.288436 0.31074 0.148309 0.124449 0.172168 0.340599 0.182397 0.136108 0.165252 0.353395 0.357468 0.198186 0.169967 0.221363 0.265567 0.268989 0.276628 0.267026 0 
0.073029 0.0598903 0.0587813 0.0578535 0.0700073 0.0783557 0.0772167 0.0814775 0.097344 0.142118 0.197123 0.258758 0.286555 0.332969 0.311104 0.204809 0.123443 0.089841 0.212248 0.253349 0.30612 0.325626 0.363677 0.355655 0.274916 0.203721 0.186311 0.313091 0.301994 0.304915 0.305957 0 
0.214622 0.114686 0.0806846 0.0704227 0.0788407 0.0677423 0.0580119 0.0553036 0.0550225 0.0625294 0.0615885 0.076242 0.109332 0.205265 0.296174 0.313111 0.320131 0.28837 0.268309 0.175611 0.156469 0.178908 0.273507 0.337636 0.34409 0.348889 0.326941 0.29298 0.29762 0.306943 0.294193 0 
0.0769981 0.0687299 0.0737032 0.0968877 0.133493 0.163602 0.185544 0.193594 0.136163 0.0966757 0.0954699 0.114835 0.198556 0.302845 0.301435 0.233822 0.174843 0.110333 0.173225 0.164073 0.188204 0.286889 0.374779 0.379406 0.360705 0.338791 0.242483 0.328182 0.324931 0.325723 0.321062 0 
0.109591 0.0949745 0.0873775 0.0873161 0.0988255 0.0979072 0.0858228 0.0788858 0.0827434 0.0913525 0.0990857 0.109964 0.134042 0.179022 0.211952 0.172504 0.139655 0.120688 0.197688 0.191864 0.195137 0.217629 0.26407 0.289665 0.249981 0.21522 0.200871 0.290331 0.184325 0.306763 0.199897 0 
0.0858199 0.055132 0.0488405 0.0492667 0.0676043 0.0657875 0.0641334 0.0709075 0.0586462 0.0555087 0.057696 0.0791713 0.131183 0.284912 0.340777 0.336979 0.307378 0.163709 0.141146 0.112778 0.127924 0.180056 0.328105 0.366073 0.362085 0.346881 0.220235 0.270309 0.277218 0.276785 0.270962 0 
0.095508 0.0984273 0.115855 0.129564 0.150004 0.155003 0.143046 0.116059 0.0805736 0.0717967 0.0803218 0.106799 0.131577 0.176364 0.266662 0.299172 0.230034 0.122486 0.167144 0.178423 0.219813 0.256731 0.309738 0.362428 0.375058 0.324382 0.202543 0.301051 0.297549 0.309875 0.302668 0 
0.14225 0.0883357 0.0776801 0.0879668 0.211467 0.237616 0.134402 0.106175 0.108533 0.123542 0.0875222 0.0863009 0.1051 0.262423 0.295075 0.189738 0.141766 0.140107 0.258809 0.175321 0.163773 0.192825 0.378213 0.390295 0.305484 0.244031 0.244331 0.309461 0.30702 0.312407 0.309008 0 
0.135908 0.0540677 0.0511528 0.0769532 0.160055 0.0840552 0.0417213 0.0452503 0.0646547 0.19666 0.0935987 0.100524 0.179908 0.335377 0.145288 0.051683 0.0482771 0.0534376 0.308634 0.146735 0.150972 0.243158 0.379071 0.221558 0.0933953 0.0934363 0.117716 0.232488 0.224214 0.225785 0.221928 0 
0.0457782 0.0729025 0.200098 0.295969 0.218021 0.0910318 0.0476048 0.0330498 0.0303167 0.0386148 0.0602689 0.163843 0.31231 0.309823 0.142396 0.0633058 0.0412537 0.0364064 0.0843673 0.133046 0.32982 0.394697 0.388004 0.230238 0.110876 0.0742929 0.0666962 0.265344 0.254074 0.259166 0.259905 0 
0.0188814 0.0241399 0.0629544 0.309644 0.29853 0.0725082 0.0266149 0.0169676 0.0153855 0.0190804 0.0260323 0.0666529 0.281322 0.277022 0.0701834 0.0262479 0.0171032 0.0153874 0.0379406 0.0501708 0.129443 0.391237 0.384091 0.1426 0.0528609 0.0340706 0.030738 0.197567 0.19089 0.191616 0.195215 0 
0.0296531 0.0377155 0.0809464 0.264736 0.336973 0.157326 0.0524424 0.0304462 0.023546 0.0253336 0.0339315 0.0667709 0.210839 0.337141 0.211721 0.0676261 0.0366233 0.0281477 0.0549643 0.0716471 0.147626 0.378275 0.397695 0.336467 0.120036 0.0670612 0.051693 0.242137 0.236984 0.238552 0.240171 0 
0.0643617 0.0707191 0.0845027 0.119379 0.128813 0.0939621 0.0884304 0.0822846 0.0696257 0.0685429 0.0846564 0.135588 0.315673 0.319305 0.148729 0.100588 0.0824878 0.0668159 0.132873 0.154973 0.218399 0.37034 0.371019 0.240014 0.187965 0.163548 0.13616 0.256157 0.247526 0.250514 0.247276 0 
0.0579423 0.0658601 0.0983402 0.119705 0.158159 0.122542 0.0630068 0.0467847 0.0428416 0.0519099 0.0643381 0.09679 0.151366 0.347393 0.325391 0.104153 0.060055 0.0495416 0.109827 0.129753 0.192722 0.264388 0.387017 0.376038 0.16695 0.106839 0.092381 0.245508 0.231994 0.245184 0.232424 0 
0.0193902 0.0206026 0.031194 0.0637143 0.0724686 0.0447182 0.0255218 0.0179383 0.0167815 0.0207886 0.0287433 0.070061 0.338359 0.358388 0.1165 0.0352972 0.0214193 0.0168266 0.0401663 0.0493358 0.10121 0.358282 0.37349 0.160298 0.0607831 0.0393342 0.033605 0.160337 0.152426 0.152079 0.156796 0 
0.0260592 0.0300204 0.0494298 0.0590155 0.0586716 0.0363497 0.0247955 0.0213469 0.0226141 0.0363626 0.073338 0.282552 0.364857 0.307939 0.107871 0.0464355 0.0293796 0.0229482 0.062355 0.103262 0.315331 0.37568 0.338258 0.143728 0.0711534 0.0507252 0.0455606 0.193696 0.18458 0.18472 0.191237 0 
0.0520777 0.0573323 0.086574 0.13466 0.249868 0.1016 0.0560565 0.0458811 0.0397607 0.0469328 0.0499575 0.0775816 0.134537 0.312121 0.127767 0.0638833 0.0491878 0.0425633 0.0989563 0.107199 0.163301 0.260801 0.387428 0.226068 0.119863 0.0950116 0.0821863 0.204354 0.202931 0.202969 0.204486 0 
0.0380093 0.0500014 0.0966196 0.143705 0.256966 0.20939 0.069948 0.0429146 0.0377753 0.0530423 0.0856805 0.260271 0.296314 0.276339 0.153304 0.0555047 0.0359021 0.0315099 0.0910213 0.135528 0.329173 0.36184 0.382407 0.325231 0.125265 0.0788167 0.0692852 0.264996 0.255842 0.256116 0.256919 0 
0.0513744 0.0552114 0.0705959 0.091942 0.109539 0.0937403 0.0666031 0.0551442 0.052479 0.0633148 0.083904 0.128573 0.184179 0.223775 0.171468 0.0992897 0.0691285 0.053928 0.113901 0.13797 0.194078 0.255146 0.289855 0.245773 0.164398 0.123993 0.106223 0.120258 0.260319 0.14014 0.292067 0 
0.0259885 0.022951 0.0283588 0.0398854 0.0531389 0.0467809 0.0331669 0.0267054 0.0239312 0.0299813 0.0449172 0.095593 0.29677 0.379485 0.340458 0.138992 0.0555203 0.0321183 0.0559694 0.067853 0.123931 0.323242 0.386316 0.359341 0.171297 0.0822111 0.0560454 0.203151 0.201948 0.199916 0.203308 0 
0.0321701 0.0346135 0.0536374 0.109551 0.2431 0.249797 0.105399 0.0540999 0.0377168 0.0385405 0.0486671 0.084359 0.268817 0.357809 0.25963 0.0982194 0.0503825 0.0339526 0.0706989 0.0832656 0.137987 0.344273 0.39521 0.385028 0.20233 0.104451 0.0716694 0.258731 0.252018 0.25569 0.252 0 
0.0431551 0.0488748 0.0741224 0.0786672 0.077947 0.0690069 0.0512962 0.0414721 0.0405704 0.0542278 0.0934782 0.243161 0.347082 0.367175 0.328403 0.150514 0.071843 0.0461397 0.0973323 0.142262 0.301252 0.376027 0.384531 0.36216 0.200524 0.11325 0.0866986 0.266213 0.26005 0.261107 0.2625 0 
0.0413037 0.0389111 0.0434423 0.0461032 0.0548628 0.0494838 0.041196 0.0437206 0.0597888 0.111495 0.20943 0.317435 0.336051 0.330566 0.184716 0.0787547 0.0498428 0.0402155 0.152251 0.245237 0.340526 0.353429 0.354559 0.229261 0.119811 0.0934829 0.0999447 0.252082 0.240804 0.240915 0.245447 0 
0.0564971 0.0612862 0.0760246 0.0973867 0.11355 0.0951271 0.0680512 0.0574652 0.0542198 0.0623322 0.0810154 0.120993 0.184738 0.219726 0.16642 0.100304 0.0693738 0.0573618 0.11817 0.141693 0.192656 0.261447 0.292222 0.243931 0.166829 0.126413 0.111428 0.287602 0.14754 0.25775 0.128226 0 
0 0 0 0 0 0 0 0 0 0 0 0 0 0 0 0 0 0 0 0 0 0 0 0 0 0 0 0 0 0 0 1 
NaN NaN NaN NaN NaN NaN NaN NaN NaN NaN NaN NaN NaN NaN NaN NaN NaN NaN NaN NaN NaN NaN NaN NaN NaN NaN NaN NaN NaN NaN NaN NaN 
NaN NaN NaN NaN NaN NaN NaN NaN NaN NaN NaN NaN NaN NaN NaN NaN NaN NaN NaN NaN NaN NaN NaN NaN NaN NaN NaN NaN NaN NaN NaN NaN 
NaN NaN NaN NaN NaN NaN NaN NaN NaN NaN NaN NaN NaN NaN NaN NaN NaN NaN NaN NaN NaN NaN NaN NaN NaN NaN NaN NaN NaN NaN NaN NaN 
NaN NaN NaN NaN NaN NaN NaN NaN NaN NaN NaN NaN NaN NaN NaN NaN NaN NaN NaN NaN NaN NaN NaN NaN NaN NaN NaN NaN NaN NaN NaN NaN 
NaN NaN NaN NaN NaN NaN NaN NaN NaN NaN NaN NaN NaN NaN NaN NaN NaN NaN NaN NaN NaN NaN NaN NaN NaN NaN NaN NaN NaN NaN NaN NaN 
NaN NaN NaN NaN NaN NaN NaN NaN NaN NaN NaN NaN NaN NaN NaN NaN NaN NaN NaN NaN NaN NaN NaN NaN NaN NaN NaN NaN NaN NaN NaN NaN 
NaN NaN NaN NaN NaN NaN NaN NaN NaN NaN NaN NaN NaN NaN NaN NaN NaN NaN NaN NaN NaN NaN NaN NaN NaN NaN NaN NaN NaN NaN NaN NaN 
NaN NaN NaN NaN NaN NaN NaN NaN NaN NaN NaN NaN NaN NaN NaN NaN NaN NaN NaN NaN NaN NaN NaN NaN NaN NaN NaN NaN NaN NaN NaN NaN 
NaN NaN NaN NaN NaN NaN NaN NaN NaN NaN NaN NaN NaN NaN NaN NaN NaN NaN NaN NaN NaN NaN NaN NaN NaN NaN NaN NaN NaN NaN NaN NaN 
NaN NaN NaN NaN NaN NaN NaN NaN NaN NaN NaN NaN NaN NaN NaN NaN NaN NaN NaN NaN NaN NaN NaN NaN NaN NaN NaN NaN NaN NaN NaN NaN 
NaN NaN NaN NaN NaN NaN NaN NaN NaN NaN NaN NaN NaN NaN NaN NaN NaN NaN NaN NaN NaN NaN NaN NaN NaN NaN NaN NaN NaN NaN NaN NaN 
NaN NaN NaN NaN NaN NaN NaN NaN NaN NaN NaN NaN NaN NaN NaN NaN NaN NaN NaN NaN NaN NaN NaN NaN NaN NaN NaN NaN NaN NaN NaN NaN 
NaN NaN NaN NaN NaN NaN NaN NaN NaN NaN NaN NaN NaN NaN NaN NaN NaN NaN NaN NaN NaN NaN NaN NaN NaN NaN NaN NaN NaN NaN NaN NaN 
NaN NaN NaN NaN NaN NaN NaN NaN NaN NaN NaN NaN NaN NaN NaN NaN NaN NaN NaN NaN NaN NaN NaN NaN NaN NaN NaN NaN NaN NaN NaN NaN 
NaN NaN NaN NaN NaN NaN NaN NaN NaN NaN NaN NaN NaN NaN NaN NaN NaN NaN NaN NaN NaN NaN NaN NaN NaN NaN NaN NaN NaN NaN NaN NaN 
0.179175 0.131954 0.139795 0.12649 0.217023 0.10031 0.152654 0.184252 0.161142 0.178032 0.132472 0.137744 0.12372 0.208019 0.0995425 0.151659 0.184428 0.16504 0.333384 0.261048 0.273079 0.247721 0.373028 0.199755 0.295004 0.342597 0.312308 0.325566 0.327354 0.326513 0.32797 0 
0.0842249 0.0753661 0.0758252 0.0867495 0.114092 0.149479 0.179414 0.226429 0.261332 0.287437 0.266061 0.229824 0.198521 0.180538 0.149423 0.122402 0.103878 0.0893158 0.34187 0.323195 0.294765 0.277175 0.281844 0.285636 0.289173 0.312271 0.329127 0.348021 0.343353 0.333899 0.332505 0 
0.176683 0.1259 0.174698 0.184562 0.197694 0.199466 0.172682 0.167269 0.161139 0.179817 0.127069 0.178581 0.191877 0.201139 0.201925 0.180794 0.166127 0.158608 0.334901 0.250344 0.332838 0.347993 0.357333 0.359909 0.33121 0.317837 0.308953 0.370703 0.371341 0.370213 0.370782 0 
0.140589 0.125906 0.120933 0.123554 0.117608 0.130899 0.138263 0.148549 0.167417 0.150665 0.135008 0.125349 0.124643 0.119954 0.132624 0.144544 0.154346 0.165088 0.284255 0.257659 0.244189 0.245913 0.236542 0.260262 0.276819 0.293555 0.315807 0.289385 0.291836 0.289126 0.292097 0 
0.202161 0.145313 0.112322 0.100172 0.101735 0.0987734 0.0988851 0.118418 0.149276 0.209109 0.210763 0.204912 0.200349 0.222676 0.226418 0.216677 0.229386 0.222574 0.357851 0.331051 0.302954 0.290465 0.308756 0.310285 0.302487 0.32551 0.341363 0.368001 0.356996 0.36647 0.355695 0 
0.113181 0.0984162 0.0941458 0.092253 0.10614 0.122942 0.180035 0.282348 0.319145 0.306416 0.198011 0.132178 0.106612 0.103386 0.0960775 0.104227 0.111858 0.109682 0.364074 0.285614 0.223555 0.1979 0.207731 0.217204 0.275014 0.351349 0.371112 0.318333 0.322843 0.310967 0.309817 0 
0.155096 0.178337 0.192663 0.208779 0.235982 0.244562 0.246794 0.2487 0.232149 0.19811 0.136948 0.106991 0.0935078 0.0902218 0.0861563 0.0896451 0.102237 0.121747 0.325906 0.300712 0.288832 0.291742 0.310329 0.314685 0.318412 0.329005 0.330527 0.342421 0.361833 0.340172 0.354983 0 
0.143696 0.115561 0.107857 0.125308 0.167792 0.203374 0.214162 0.214677 0.194486 0.142856 0.115738 0.108528 0.12574 0.168451 0.20695 0.222764 0.217117 0.191564 0.280674 0.230496 0.216015 0.249213 0.319758 0.365033 0.373312 0.37159 0.354302 0.351376 0.353083 0.35229 0.351142 0 
0.176069 0.173772 0.140715 0.134866 0.142013 0.185831 0.195354 0.17124 0.115748 0.177121 0.170219 0.143762 0.136548 0.14597 0.188606 0.190058 0.169463 0.113611 0.333926 0.327644 0.278893 0.267897 0.282449 0.346551 0.352346 0.324184 0.229227 0.338966 0.337249 0.339932 0.337225 0 
0.282352 0.26437 0.233452 0.203075 0.196075 0.170316 0.149412 0.136577 0.1139 0.097604 0.0828755 0.079128 0.0843875 0.103707 0.129911 0.152477 0.201225 0.248475 0.345925 0.326827 0.29996 0.279042 0.28795 0.287368 0.290284 0.316526 0.336175 0.33524 0.341809 0.346642 0.35719 0 
0.232036 0.146475 0.102983 0.111465 0.196156 0.210042 0.132485 0.12891 0.183507 0.252651 0.14947 0.103306 0.107873 0.182007 0.189413 0.121176 0.12029 0.166051 0.383263 0.284877 0.205441 0.217973 0.341334 0.353777 0.249941 0.246134 0.325686 0.335767 0.334422 0.334308 0.332531 0 
0.110945 0.131277 0.177312 0.165006 0.129645 0.13542 0.186595 0.205554 0.150833 0.111846 0.130806 0.177125 0.167709 0.135193 0.140217 0.198894 0.218207 0.15391 0.222434 0.259363 0.333593 0.317885 0.262078 0.271558 0.35155 0.369079 0.296975 0.333468 0.33262 0.333615 0.332705 0 
0.193366 0.122884 0.0910913 0.0838978 0.0960666 0.124384 0.185796 0.234563 0.223955 0.198332 0.130073 0.100549 0.0929311 0.105321 0.143124 0.21009 0.255184 0.233154 0.347799 0.250123 0.191335 0.176631 0.200906 0.262001 0.352226 0.383682 0.374659 0.33035 0.332732 0.335885 0.332625 0 
0.119007 0.177257 0.139633 0.157973 0.18791 0.177697 0.168882 0.153389 0.180695 0.121328 0.181893 0.140444 0.161905 0.19307 0.175844 0.164013 0.148096 0.179433 0.240069 0.342062 0.275906 0.309431 0.352114 0.333562 0.3193 0.295337 0.341871 0.344734 0.345179 0.345076 0.345492 0 
0.252318 0.187374 0.143347 0.117214 0.110367 0.103747 0.10291 0.0968724 0.0955656 0.0999114 0.0977819 0.0982618 0.104167 0.127666 0.175444 0.259665 0.311016 0.301301 0.326912 0.276979 0.237539 0.219411 0.234885 0.271022 0.335626 0.363956 0.357809 0.322991 0.323973 0.337259 0.328591 0 
0.220216 0.198577 0.16943 0.128844 0.106393 0.109609 0.134622 0.175883 0.210846 0.228221 0.208915 0.17247 0.128587 0.108121 0.108838 0.133945 0.176451 0.205015 0.373921 0.361451 0.323039 0.254087 0.214177 0.217638 0.264706 0.328971 0.364836 0.344811 0.344452 0.344505 0.345066 0 
0.0995272 0.0908451 0.0962878 0.103728 0.109224 0.0997122 0.101439 0.128055 0.192484 0.285317 0.287229 0.285199 0.270274 0.21591 0.134262 0.0956137 0.0837252 0.0878739 0.348837 0.344481 0.347287 0.342908 0.306156 0.229706 0.195856 0.210503 0.272876 0.336184 0.326325 0.319521 0.322193 0 
0.16073 0.154624 0.162894 0.141689 0.131095 0.108046 0.0808451 0.0766506 0.0907679 0.128175 0.158814 0.238785 0.292998 0.29563 0.212413 0.132205 0.11668 0.131018 0.280539 0.299801 0.355637 0.372086 0.371075 0.307729 0.212387 0.192774 0.220144 0.337635 0.325189 0.336044 0.327677 0 
0.199906 0.128482 0.176893 0.130163 0.253257 0.0674438 0.0863367 0.11882 0.101726 0.202003 0.124791 0.169397 0.126493 0.239516 0.0656054 0.0889313 0.118496 0.102107 0.352849 0.248377 0.325831 0.250004 0.382814 0.132972 0.175122 0.234653 0.202603 0.296417 0.293556 0.294799 0.293901 0 
0.12094 0.139972 0.149751 0.140866 0.127108 0.105088 0.100003 0.0991191 0.109029 0.123488 0.144739 0.167318 0.159213 0.136848 0.110342 0.10439 0.103379 0.109809 0.241025 0.275233 0.299489 0.287163 0.258195 0.21406 0.203372 0.200951 0.216991 0.262317 0.266203 0.264047 0.268742 0 
0.131135 0.193219 0.290628 0.287745 0.186818 0.137691 0.127836 0.140905 0.160977 0.160427 0.145745 0.134372 0.115309 0.0909465 0.0768921 0.0771108 0.0889943 0.108002 0.281079 0.317436 0.366321 0.357949 0.271722 0.213608 0.204237 0.227327 0.26372 0.307208 0.316486 0.30702 0.320735 0 
0.234646 0.184383 0.127704 0.141048 0.189712 0.147667 0.0788654 0.071513 0.100518 0.220638 0.175496 0.131523 0.153118 0.206319 0.154725 0.0807764 0.0732643 0.106801 0.369796 0.326873 0.254521 0.28136 0.348022 0.288616 0.159481 0.14472 0.20571 0.306516 0.302374 0.303406 0.303311 0 
0.267605 0.30739 0.290103 0.160685 0.105563 0.0761109 0.0616835 0.0577121 0.0603576 0.0797953 0.0978471 0.134633 0.157042 0.163562 0.144322 0.130343 0.140027 0.176731 0.323386 0.357827 0.364734 0.298634 0.26124 0.217507 0.191043 0.196502 0.23417 0.304247 0.299866 0.315114 0.31184 0 
0.264836 0.308649 0.320236 0.306646 0.259746 0.142463 0.0909721 0.0723315 0.0694493 0.081198 0.0703247 0.0711007 0.0692607 0.0782725 0.0745043 0.0764702 0.100259 0.147679 0.321485 0.348962 0.356839 0.346691 0.316802 0.214674 0.167003 0.171986 0.214528 0.301566 0.302795 0.30421 0.319142 0 
0.100959 0.170403 0.261972 0.268667 0.205479 0.114083 0.0792645 0.0685713 0.0724793 0.0968194 0.155824 0.248972 0.266552 0.209419 0.118326 0.0823814 0.0709425 0.0767903 0.197166 0.308781 0.387159 0.392168 0.363817 0.230811 0.161586 0.139445 0.14921 0.315724 0.311587 0.312979 0.317357 0 
0.221435 0.224655 0.210708 0.154065 0.110038 0.0917791 0.0925754 0.108629 0.151085 0.211446 0.234051 0.225385 0.16538 0.119262 0.0971808 0.100205 0.118727 0.164915 0.368753 0.376434 0.370583 0.306076 0.228345 0.188672 0.192485 0.22595 0.304777 0.330496 0.328104 0.330218 0.331818 0 
0.175159 0.20364 0.212215 0.213534 0.224635 0.175335 0.120038 0.107576 0.125252 0.17056 0.185561 0.193543 0.191232 0.202249 0.167782 0.119385 0.10582 0.125256 0.327045 0.352896 0.361151 0.359657 0.372673 0.326829 0.238059 0.2129 0.248422 0.354982 0.355287 0.354783 0.357998 0 
0.0911009 0.12126 0.167107 0.199198 0.239375 0.188726 0.115509 0.101082 0.122085 0.21657 0.283795 0.259441 0.148961 0.116368 0.0852394 0.057967 0.0516424 0.0576747 0.292911 0.355773 0.359442 0.316762 0.327169 0.265947 0.172955 0.152556 0.179268 0.313126 0.31729 0.299656 0.306458 0 
0.116944 0.163855 0.194151 0.193016 0.194401 0.105822 0.133468 0.130464 0.12405 0.113288 0.16804 0.203253 0.215008 0.213428 0.110012 0.137489 0.136681 0.131055 0.229796 0.317317 0.356872 0.363101 0.366124 0.215789 0.268023 0.263782 0.253118 0.329161 0.326822 0.328812 0.327783 0 
0.178548 0.248115 0.272468 0.185227 0.10351 0.0711289 0.0614119 0.0673507 0.0855386 0.157167 0.235636 0.294305 0.224432 0.120893 0.0795401 0.0678887 0.0752598 0.0988965 0.312519 0.379858 0.393731 0.354872 0.223068 0.150569 0.129261 0.142426 0.184115 0.313314 0.304628 0.309678 0.310896 0 
0.0882251 0.0875033 0.0894846 0.0851434 0.0838057 0.0719936 0.0654252 0.0714287 0.0893408 0.153612 0.26589 0.334594 0.31983 0.246915 0.141014 0.100151 0.0843016 0.0792438 0.236364 0.329771 0.371106 0.361285 0.311451 0.210374 0.16501 0.155218 0.168156 0.299887 0.28519 0.28624 0.287335 0 
0.116999 0.17036 0.221153 0.198176 0.126179 0.155502 0.131154 0.113409 0.101984 0.115374 0.172158 0.23002 0.21533 0.136038 0.171555 0.143755 0.122843 0.106719 0.23154 0.323677 0.376078 0.362608 0.261381 0.315744 0.270552 0.234248 0.208272 0.325965 0.321929 0.325227 0.322618 0 
0.080544 0.0234676 0.0102595 0.00758694 0.00889398 0.00942777 0.00912361 0.0145004 0.0492652 0.379982 0.0466631 0.0140149 0.0087991 0.0101279 0.00894425 0.00783586 0.0109628 0.022931 0.386747 0.0701299 0.0242744 0.016386 0.0189859 0.0183692 0.0169595 0.0254624 0.0721741 0.0860791 0.0869696 0.0835781 0.0843448 0 
0.34252 0.108392 0.0371241 0.0238257 0.0241201 0.0248316 0.0301788 0.0587488 0.219492 0.357967 0.0974537 0.0326412 0.0210623 0.0199472 0.0193956 0.0222068 0.0360898 0.11443 0.398698 0.204412 0.0697652 0.0448794 0.0440674 0.0442197 0.0523819 0.0946946 0.315867 0.186446 0.191008 0.183981 0.188288 0 
0.349922 0.0802302 0.0248468 0.0140598 0.0131807 0.0125568 0.0138409 0.0235714 0.0518849 0.0741986 0.0329017 0.0182841 0.0142227 0.016078 0.0186813 0.0256075 0.0663347 0.314531 0.3661 0.112942 0.0431306 0.0282825 0.0292559 0.0312212 0.039442 0.0896869 0.336736 0.136195 0.139094 0.138117 0.135741 0 
0.368868 0.0297848 0.007898 0.00504411 0.00556039 0.0058451 0.00506719 0.00785422 0.0299635 0.372832 0.0305007 0.00818165 0.00511861 0.00625845 0.00583945 0.00535048 0.00828137 0.0314065 0.399111 0.0602855 0.0160797 0.0101627 0.0118189 0.0116845 0.0104177 0.0161356 0.06137 0.111418 0.111791 0.109707 0.110034 0 
0.190316 0.09857 0.0456651 0.0282748 0.027376 0.0240571 0.0299657 0.0508529 0.103159 0.194191 0.0990997 0.0450901 0.0271262 0.0271097 0.0221771 0.0273679 0.0454215 0.0944111 0.297654 0.187023 0.0905423 0.0553903 0.0543752 0.0462237 0.0573234 0.0957045 0.187128 0.201707 0.206879 0.0722668 0.0755078 0 
0.0981423 0.0480407 0.0353405 0.0346042 0.0469387 0.052869 0.040529 0.0478782 0.106257 0.374866 0.0950915 0.0437128 0.0385355 0.0494155 0.0455352 0.0348376 0.0400683 0.0518641 0.38782 0.142924 0.0788538 0.0728682 0.0961129 0.0979553 0.0751997 0.0876651 0.15759 0.155486 0.15792 0.144586 0.147531 0 
0.37398 0.0954674 0.0483189 0.0392985 0.0525968 0.0468028 0.0323807 0.0323882 0.0464306 0.101607 0.0485634 0.0359359 0.0340786 0.0501859 0.0535188 0.0395952 0.0475484 0.0947036 0.387674 0.143721 0.0840501 0.0730903 0.10233 0.0997911 0.0718684 0.0798254 0.140834 0.14817 0.150429 0.15042 0.151259 0 
0.377543 0.0450241 0.0138143 0.00897196 0.0095847 0.00810142 0.00767114 0.0107226 0.0230237 0.071534 0.0222023 0.0108067 0.00738752 0.00907386 0.00957401 0.00965398 0.0147543 0.0469402 0.384094 0.0672224 0.024621 0.0163595 0.0186458 0.0176723 0.0173251 0.0254755 0.0699406 0.0831345 0.0841753 0.0824926 0.0831815 0 
0.0713203 0.0340913 0.02065 0.0163286 0.0199293 0.0219198 0.0308552 0.0788193 0.343519 0.357018 0.0804638 0.0279861 0.0182479 0.0187278 0.0175821 0.0193366 0.0312037 0.0595684 0.371669 0.11445 0.048636 0.0345749 0.0385988 0.0394827 0.0501873 0.109768 0.3608 0.148743 0.1551 0.147062 0.146622 0 
0.354079 0.334656 0.071939 0.025161 0.0176677 0.014391 0.0131388 0.0163598 0.0284481 0.071862 0.0659429 0.0259386 0.015645 0.0136419 0.013133 0.0142068 0.0243431 0.0791334 0.369876 0.353845 0.0976493 0.0407888 0.0313071 0.0275182 0.0273453 0.0406911 0.107483 0.14249 0.14201 0.13777 0.143259 0 
0.194042 0.100609 0.0472647 0.0289021 0.027191 0.022587 0.0255547 0.0442985 0.0965262 0.191129 0.0975305 0.0448974 0.0277074 0.0274808 0.0235778 0.0280586 0.0470502 0.101053 0.295483 0.186699 0.0918349 0.0565964 0.0544652 0.046143 0.0536095 0.0909609 0.186752 0.0706207 0.0724458 0.204037 0.207009 0 
0.360568 0.215818 0.0401519 0.0192483 0.0160738 0.0149064 0.0141203 0.0225191 0.068329 0.341445 0.199108 0.0370747 0.0179909 0.0159798 0.0154778 0.0159635 0.0259622 0.0796546 0.398663 0.351304 0.0772188 0.0372263 0.0320537 0.0303805 0.0300838 0.0484797 0.147795 0.179877 0.179258 0.177929 0.179645 0 
0.331184 0.0439357 0.0151279 0.00933139 0.00954357 0.0104803 0.0130836 0.0340635 0.222037 0.336607 0.0556888 0.0176922 0.0113434 0.011941 0.0123029 0.0160987 0.0446527 0.29992 0.395002 0.0995632 0.0328188 0.020672 0.0214845 0.0227799 0.0291822 0.0786588 0.381891 0.175393 0.175886 0.178155 0.175322 0 
0.10202 0.0597683 0.0186298 0.0101334 0.0088758 0.00904669 0.010357 0.0172666 0.0620304 0.365615 0.287363 0.0362384 0.0157902 0.0120555 0.0100527 0.0108948 0.0169536 0.0368728 0.37904 0.316494 0.0548574 0.0259236 0.0209262 0.0190977 0.0212518 0.0342202 0.0987796 0.128404 0.127478 0.127212 0.130713 0 
0.370233 0.078915 0.0318631 0.0220415 0.021378 0.020893 0.0190259 0.0261438 0.0703671 0.367609 0.0742413 0.0303864 0.0220056 0.022141 0.0214108 0.020735 0.0314672 0.0835968 0.399686 0.153143 0.0621635 0.0440333 0.043519 0.0423039 0.0397365 0.057576 0.153903 0.15802 0.158611 0.15604 0.156382 0 
0.321112 0.0622098 0.0393044 0.037677 0.111034 0.0971255 0.0387754 0.0392613 0.0619047 0.333473 0.0615524 0.0416071 0.0392923 0.124623 0.0963543 0.035969 0.0386102 0.0594071 0.395894 0.123637 0.0807186 0.0768473 0.223418 0.186882 0.0746619 0.0777431 0.121132 0.193285 0.194259 0.192345 0.192871 0 
0.0477141 0.0271177 0.0234406 0.0217135 0.0279801 0.0325783 0.0560302 0.0983212 0.0492142 0.0334785 0.0251117 0.0252157 0.0285241 0.0404999 0.0595837 0.109491 0.158453 0.0844411 0.0806633 0.052222 0.0485982 0.0502119 0.0681555 0.0915972 0.158996 0.244001 0.130814 0.104325 0.121215 0.113522 0.108255 0 
0.0271884 0.0244598 0.0320492 0.0425716 0.0436832 0.0332659 0.0257429 0.024715 0.0265069 0.0406412 0.0568845 0.106443 0.195215 0.170725 0.0764737 0.0412948 0.0295582 0.0241238 0.0675054 0.081049 0.136563 0.225493 0.204669 0.10894 0.067014 0.0542256 0.0505977 0.121067 0.121353 0.115551 0.123584 0 
0.0247096 0.0345782 0.102546 0.0346337 0.0260416 0.0219244 0.0212014 0.0230614 0.0253021 0.0446171 0.101012 0.237597 0.0719068 0.0372165 0.0258948 0.022323 0.020764 0.0199434 0.0691155 0.13322 0.313705 0.105672 0.0631138 0.0477241 0.0434522 0.0436926 0.0452455 0.106168 0.100403 0.100443 0.115019 0 
0.0289325 0.0234015 0.0264018 0.036728 0.0817388 0.20378 0.162385 0.0820041 0.046371 0.0420347 0.027723 0.025299 0.0278648 0.0411402 0.0529598 0.0426273 0.0286799 0.0237696 0.0703488 0.0510955 0.0516941 0.064543 0.121431 0.240862 0.194777 0.109665 0.0699799 0.113325 0.127072 0.114788 0.118025 0 
0.0460937 0.0559937 0.106198 0.211564 0.165098 0.0733711 0.0429076 0.0331275 0.0282157 0.0316384 0.03069 0.0380688 0.0557615 0.0532109 0.0433355 0.0338154 0.0316923 0.0315439 0.0772353 0.0864925 0.142613 0.248576 0.209401 0.115875 0.0766435 0.0646712 0.0597252 0.128959 0.131554 0.125833 0.138004 0 
0.0991177 0.0686419 0.0591705 0.0580587 0.0738476 0.0689195 0.0666227 0.0753023 0.0879593 0.107235 0.0782219 0.0676857 0.0654183 0.0780212 0.0713735 0.0665134 0.0707262 0.0811178 0.192226 0.143863 0.125293 0.122176 0.146382 0.136683 0.130951 0.142852 0.163694 0.210441 0.267201 0.0720323 0.0838652 0 
0.102977 0.0776609 0.0691102 0.0648478 0.0773158 0.0737537 0.0702394 0.0768126 0.0888887 0.10109 0.0762806 0.0686903 0.0667484 0.0795233 0.0764172 0.0729931 0.079115 0.089188 0.193786 0.151657 0.136331 0.130559 0.152401 0.147076 0.14135 0.153302 0.173975 0.0957943 0.0937636 0.25306 0.222835 0 
0.0725477 0.0617891 0.0646887 0.071802 0.101322 0.0920037 0.0730171 0.0666957 0.0625828 0.0734298 0.0677667 0.0735013 0.0833475 0.118603 0.109546 0.0817485 0.0683034 0.0641689 0.141883 0.128363 0.136297 0.152239 0.204101 0.191589 0.152192 0.13374 0.125897 0.255671 0.0941376 0.22594 0.0874472 0 
0.117644 0.201846 0.125071 0.0578036 0.0450155 0.0329002 0.0249568 0.0249692 0.0302303 0.0465379 0.0772359 0.0441976 0.0318233 0.0325588 0.0339589 0.0306853 0.0365318 0.0543244 0.161133 0.259866 0.16577 0.089295 0.077254 0.066354 0.0555805 0.0614173 0.0843799 0.126718 0.121229 0.119578 0.12664 0 
0.0742504 0.0671579 0.0704429 0.0785244 0.110979 0.0975898 0.0791957 0.0696711 0.0646391 0.0726546 0.0680561 0.0746785 0.0861426 0.121288 0.108776 0.0874339 0.0769174 0.0692243 0.142677 0.13386 0.143154 0.161232 0.210718 0.194036 0.162991 0.144457 0.13254 0.0811269 0.272905 0.0795262 0.262993 0 
0.0664557 0.0570075 0.0598287 0.054334 0.0668133 0.0558968 0.0468187 0.0466642 0.0535223 0.0906392 0.0785789 0.0833837 0.0770162 0.0938948 0.0734835 0.0543904 0.0497622 0.0507526 0.145788 0.1296 0.135069 0.125583 0.147451 0.123121 0.0994699 0.0952057 0.102362 0.0467061 0.0918475 0.0930565 0.314857 0 
0.0693747 0.0371442 0.0316802 0.0279123 0.0375941 0.0328615 0.0306184 0.0375984 0.0520151 0.077538 0.0458249 0.0357785 0.0313199 0.040882 0.0344852 0.0310272 0.0352434 0.049889 0.141591 0.082716 0.0673291 0.0591684 0.0773553 0.0670934 0.0616041 0.0726476 0.100264 0.0853884 0.091904 0.0864636 0.0845081 0 
0.147578 0.0365453 0.0591287 0.034155 0.174704 0.0369985 0.0288434 0.0564619 0.0345391 0.139411 0.0375156 0.0676293 0.0394123 0.231109 0.0522511 0.0359071 0.0668708 0.0400751 0.267971 0.0738641 0.125861 0.0734771 0.329928 0.0882775 0.0647348 0.121945 0.0743788 0.147709 0.161061 0.150862 0.162208 0 
0.0424518 0.0241356 0.0231647 0.0267955 0.045064 0.0467589 0.0280888 0.0224093 0.0209014 0.03162 0.0265018 0.031979 0.0497373 0.135195 0.196525 0.0913274 0.0483561 0.0361004 0.0731257 0.0505665 0.0550939 0.0763821 0.171847 0.229642 0.11784 0.0705302 0.0569268 0.0895065 0.136916 0.0898338 0.120784 0 
0.024803 0.0187377 0.0266782 0.0426594 0.171164 0.088806 0.0317865 0.023585 0.0174576 0.0235612 0.0165073 0.0219934 0.0313571 0.108444 0.0523384 0.0252511 0.0192844 0.0158306 0.0479485 0.0352373 0.0486514 0.0738486 0.251616 0.137411 0.0570067 0.0428389 0.0332874 0.0896869 0.0911517 0.0887328 0.0888079 0 
0.0116007 0.00499017 0.00536951 0.00528155 0.0105847 0.00727536 0.00466581 0.00438625 0.00440182 0.0112648 0.00498713 0.0057233 0.00595878 0.0147718 0.00975423 0.00581436 0.00544347 0.00520743 0.0226369 0.00997729 0.0110902 0.0112403 0.0251497 0.0170248 0.0104801 0.00982828 0.00960924 0.014006 0.0155033 0.0145841 0.0160013 0 
0.0438766 0.0369993 0.0426715 0.0564334 0.133469 0.121815 0.0544336 0.0420896 0.0358114 0.0397943 0.0368587 0.0427208 0.0679439 0.34554 0.348998 0.0759963 0.0475848 0.0414201 0.0836709 0.0738217 0.0853759 0.124371 0.379647 0.378777 0.13042 0.0895111 0.0771328 0.193647 0.187007 0.193708 0.186689 0 
0.00828943 0.00703868 0.0102569 0.0338103 0.370029 0.0973898 0.0128219 0.00703679 0.00541237 0.00697047 0.00611888 0.00952129 0.0316811 0.355408 0.0957424 0.0136223 0.00791245 0.00624684 0.0152545 0.0131576 0.0197781 0.0654649 0.397614 0.192511 0.0264442 0.0149475 0.0116528 0.128442 0.127389 0.127269 0.128506 0 
0.0337576 0.030485 0.0412615 0.0919923 0.34784 0.244933 0.0592013 0.0335813 0.0267351 0.0293861 0.028991 0.0379141 0.0822393 0.355174 0.337467 0.0799462 0.0409256 0.0309473 0.0631437 0.059476 0.0791688 0.173997 0.399521 0.396371 0.139135 0.0744862 0.0576825 0.228807 0.226245 0.228813 0.227238 0 
0.00699575 0.00598843 0.00846086 0.0173316 0.143496 0.328094 0.0303215 0.0119663 0.0083254 0.00899255 0.00853895 0.0126262 0.0301569 0.33131 0.349614 0.0283345 0.0102616 0.00656606 0.0159883 0.0145274 0.021087 0.047488 0.381664 0.397733 0.058656 0.0222279 0.0148915 0.160999 0.157674 0.160271 0.156208 0 
0.0220459 0.02156 0.0324979 0.0817927 0.267162 0.148585 0.0446982 0.0249879 0.0191034 0.0207235 0.020982 0.0321442 0.0839991 0.316205 0.177791 0.0453679 0.0254573 0.0198325 0.0427694 0.0425312 0.0646213 0.165111 0.375454 0.296588 0.0900129 0.0504034 0.0389304 0.165153 0.165941 0.163936 0.167256 0 
0.00724663 0.00642239 0.00932198 0.0246462 0.359747 0.285717 0.0227297 0.0102913 0.00801072 0.00930692 0.00830125 0.0113257 0.029449 0.346913 0.149667 0.0156375 0.00792844 0.00605037 0.0165535 0.0147237 0.0206477 0.0540953 0.397777 0.37068 0.0383672 0.0182159 0.0140611 0.155977 0.155829 0.154477 0.155351 0 
0.0133159 0.0109472 0.0145582 0.0271664 0.0853745 0.0587122 0.0214845 0.013433 0.0111308 0.0146842 0.0133772 0.0192115 0.05769 0.365116 0.163299 0.026082 0.0139749 0.0104865 0.0279985 0.0243243 0.0337493 0.0846886 0.377802 0.21674 0.0475561 0.0273803 0.0216137 0.108337 0.112513 0.106755 0.115528 0 
0.0148837 0.0128531 0.0167222 0.0279231 0.0552763 0.0525986 0.0267763 0.0167344 0.0129256 0.0149914 0.0208591 0.03895 0.123506 0.37037 0.36072 0.110794 0.0355703 0.0192728 0.0298751 0.0337103 0.0556619 0.151293 0.379521 0.372547 0.137519 0.0523008 0.0321985 0.155395 0.158222 0.15543 0.158723 0 
0.0114007 0.00962099 0.0127586 0.0286692 0.297692 0.337081 0.0313459 0.0115534 0.00811302 0.00874089 0.00743853 0.00976168 0.0200448 0.159783 0.347 0.0424661 0.0152908 0.0103921 0.0201416 0.0170595 0.0225203 0.0487141 0.37542 0.396701 0.0738112 0.0268443 0.0185051 0.161842 0.160143 0.162922 0.160507 0 
0.0233576 0.0206612 0.0262056 0.0447172 0.182419 0.339117 0.100736 0.0400889 0.0303516 0.0299267 0.0286541 0.036939 0.0730599 0.322177 0.326359 0.0716698 0.0307578 0.0221596 0.0532845 0.0493152 0.0631371 0.117762 0.384154 0.396949 0.172252 0.0708318 0.0524916 0.209117 0.205483 0.207148 0.202896 0 
0.00996039 0.00861123 0.0128541 0.0334666 0.333363 0.142901 0.0175531 0.00805086 0.00618216 0.00754375 0.00692797 0.0104987 0.0286398 0.357968 0.327319 0.0309785 0.0123997 0.00871051 0.0175042 0.0155392 0.0233529 0.0621026 0.398689 0.38241 0.0485317 0.0204506 0.0148927 0.160425 0.159989 0.161265 0.16127 0 
0.15987 0.0446352 0.0287533 0.0331956 0.168544 0.148645 0.0349351 0.029481 0.0467959 0.160148 0.0505259 0.0371303 0.043466 0.323737 0.291031 0.0438551 0.0361868 0.0498766 0.299556 0.0951023 0.0658814 0.0766616 0.373068 0.354681 0.0787825 0.0656677 0.0965384 0.202867 0.202969 0.204134 0.205935 0 
0.00782332 0.0059532 0.00718668 0.0129979 0.0988949 0.371831 0.037486 0.010846 0.00728597 0.00870273 0.00709745 0.00858705 0.0166867 0.105472 0.34913 0.0376831 0.011 0.00709533 0.0165234 0.0130507 0.0157737 0.0296846 0.203337 0.39749 0.0751458 0.0218459 0.0143813 0.131804 0.130979 0.132095 0.129198 0 
0.0094277 0.00747685 0.00976593 0.0177336 0.0649525 0.05906 0.0168526 0.00950436 0.00741893 0.00916915 0.00861025 0.0123711 0.0325993 0.379411 0.376455 0.0332636 0.0121349 0.00851578 0.0185968 0.0160871 0.022137 0.0503329 0.387836 0.385957 0.0501161 0.0216392 0.0159322 0.126518 0.126531 0.126894 0.126672 0 
0.016977 0.0133964 0.0163313 0.0265606 0.080031 0.0928358 0.0292064 0.0159628 0.0118175 0.0135025 0.0127957 0.0167442 0.0317192 0.181918 0.33545 0.0585374 0.0219781 0.0146909 0.0304642 0.0261725 0.0330665 0.0582748 0.242877 0.358126 0.0876233 0.0379305 0.0265084 0.114227 0.118249 0.117978 0.116445 0 
0.013636 0.0113593 0.0148878 0.0331571 0.361471 0.358402 0.0336009 0.015215 0.0120157 0.0136099 0.0118121 0.0159609 0.0354463 0.355858 0.334463 0.0343842 0.0155293 0.0118025 0.0272459 0.0231715 0.0308487 0.0686033 0.399962 0.399859 0.0679852 0.0307443 0.0238159 0.199285 0.197348 0.199107 0.197434 0 
0.0793743 0.0623637 0.0458278 0.0330862 0.0327228 0.0339095 0.0450622 0.0946918 0.311402 0.375515 0.274418 0.105955 0.0532774 0.0399793 0.0319579 0.0314366 0.0431954 0.0636915 0.38618 0.316458 0.151024 0.0862703 0.072666 0.0658625 0.0764971 0.137752 0.345964 0.206381 0.207721 0.207395 0.207155 0 
0.0869324 0.0848901 0.0725925 0.062496 0.0627797 0.0613785 0.0703186 0.0916538 0.13769 0.199745 0.205719 0.155955 0.107831 0.0842495 0.0638464 0.0582094 0.0612851 0.0701062 0.261928 0.266799 0.220224 0.168223 0.145167 0.124278 0.128035 0.151703 0.201256 0.130732 0.148634 0.257524 0.282251 0 
0.164468 0.0799825 0.0857983 0.073 0.101059 0.0535049 0.0439794 0.0638146 0.100015 0.340542 0.154716 0.151295 0.118173 0.153347 0.0668829 0.0467479 0.0514751 0.0591119 0.384416 0.229845 0.230251 0.188068 0.238019 0.120176 0.0906616 0.115031 0.15859 0.228924 0.227265 0.221904 0.221297 0 
0.208397 0.235412 0.20524 0.105005 0.0606949 0.0484285 0.0511715 0.0755546 0.157585 0.308379 0.300233 0.228552 0.101877 0.0577039 0.0461037 0.0462099 0.064046 0.113533 0.386094 0.385901 0.363797 0.204844 0.118351 0.0945201 0.0973811 0.139345 0.263238 0.286783 0.283748 0.282804 0.284684 0 
0.0593511 0.0552401 0.0583877 0.0556414 0.0454629 0.0366794 0.0379481 0.0532147 0.107083 0.299371 0.352774 0.341867 0.249048 0.12773 0.0612932 0.0383897 0.0337776 0.0386155 0.331332 0.368933 0.362341 0.293928 0.171539 0.0978253 0.0763331 0.0869564 0.145508 0.250855 0.240026 0.234738 0.241632 0 
0.208079 0.329636 0.108238 0.0363492 0.0266227 0.0218717 0.0207776 0.0269688 0.0523189 0.208824 0.313455 0.0999616 0.0345786 0.0239631 0.0206894 0.0198362 0.0252522 0.0497736 0.337133 0.391535 0.205274 0.0708668 0.0505731 0.0425279 0.0405837 0.0520936 0.102073 0.189709 0.188388 0.190652 0.19831 0 
0.0840912 0.0817747 0.0714354 0.0598972 0.0579923 0.0580937 0.0678095 0.0937582 0.142216 0.217412 0.202771 0.149169 0.102778 0.0770474 0.057989 0.0558731 0.0587307 0.0677428 0.272258 0.26067 0.212044 0.160144 0.133518 0.115471 0.123213 0.150865 0.202874 0.289047 0.261115 0.133931 0.120389 0 
0.300023 0.193471 0.0753483 0.041656 0.0334621 0.0313629 0.0315446 0.0483795 0.121035 0.351795 0.311166 0.114669 0.0527048 0.0409919 0.0345454 0.0337417 0.0503477 0.111129 0.397261 0.38194 0.189447 0.094359 0.0744311 0.0659036 0.065281 0.0987109 0.22813 0.234092 0.231835 0.232614 0.23359 0 
0.236072 0.321281 0.252558 0.0685417 0.0388317 0.028383 0.0272081 0.0366143 0.0659447 0.201255 0.283794 0.225077 0.071191 0.0382602 0.029054 0.0262586 0.0362365 0.0686068 0.356685 0.390669 0.375321 0.139497 0.0770247 0.0574293 0.0534657 0.0728412 0.134474 0.241306 0.235993 0.242073 0.249433 0 
0.0542479 0.0524061 0.0476138 0.0410513 0.0490429 0.0674504 0.114775 0.265208 0.334543 0.356346 0.276159 0.134129 0.0741402 0.053876 0.0410115 0.0415045 0.0516988 0.048689 0.371003 0.310083 0.180666 0.114951 0.10276 0.108349 0.155687 0.304816 0.355162 0.252414 0.257312 0.2416 0.240449 0 
0.0638688 0.0578378 0.0430029 0.0280341 0.0255039 0.0252186 0.0267426 0.0406599 0.093536 0.358526 0.359502 0.119527 0.048037 0.0342652 0.0261031 0.0239706 0.0309322 0.0416645 0.372726 0.372896 0.161418 0.0760222 0.0597503 0.0513171 0.0506997 0.0714669 0.135093 0.173402 0.169052 0.1684 0.171225 0 
0.103736 0.0785456 0.0504053 0.0516096 0.115036 0.141233 0.0725828 0.0659021 0.118697 0.339904 0.285114 0.114143 0.084062 0.144081 0.138598 0.0564997 0.0416692 0.0497513 0.370956 0.329045 0.163618 0.13542 0.248081 0.266818 0.128499 0.107526 0.167675 0.248061 0.244214 0.23669 0.238145 0 
0.137506 0.112113 0.081289 0.0697337 0.0664292 0.0687738 0.0846756 0.113253 0.191775 0.343318 0.315449 0.147736 0.101969 0.0837533 0.0722816 0.0818147 0.0988811 0.110659 0.383868 0.369022 0.227713 0.170982 0.14981 0.140962 0.1656 0.209821 0.288804 0.275266 0.270008 0.265307 0.264876 0 
0.0486005 0.0672998 0.0636505 0.0316292 0.0230269 0.0197913 0.0191709 0.0267373 0.0542155 0.193051 0.364521 0.343183 0.0826139 0.0353447 0.0204068 0.0165779 0.0191168 0.0260974 0.233032 0.377353 0.364106 0.114033 0.0582447 0.0401771 0.0357402 0.0458465 0.0802912 0.171374 0.165618 0.170187 0.178721 0 
0.0684996 0.063227 0.0666057 0.0590955 0.0598902 0.0664386 0.0886975 0.156736 0.285936 0.346973 0.334759 0.303137 0.149643 0.0939353 0.0603439 0.0514907 0.057268 0.0626425 0.371398 0.362005 0.344515 0.206728 0.153131 0.12654 0.139845 0.211384 0.328365 0.287677 0.280671 0.275329 0.276047 0 
0.125777 0.117867 0.105316 0.0664517 0.05999 0.0623534 0.0600782 0.071954 0.0908055 0.177823 0.314016 0.301728 0.114732 0.0858718 0.0763727 0.073732 0.0863855 0.0965736 0.285498 0.365174 0.356154 0.180571 0.145382 0.137955 0.133316 0.156524 0.185914 0.25878 0.245536 0.241559 0.238327 0 
