256 32
0 0 0 0 0 0 0 0 0 0 0 0 0 0 0 0 0 0 0 0 0 0 0 0 0 0 0 0 0 0 0 1 
0.0984912 0.095506 0.0989915 0.124513 0.273138 0.300271 0.206285 0.127305 0.111826 0.10224 0.0970798 0.09646 0.121077 0.238691 0.253951 0.176225 0.116889 0.105907 0.200438 0.192341 0.195202 0.244519 0.39112 0.395516 0.348759 0.242945 0.217032 0.324031 0.324342 0.323189 0.322357 0 
0.136409 0.193078 0.265609 0.239348 0.158283 0.101939 0.0852093 0.0867245 0.112512 0.187611 0.253916 0.279556 0.213729 0.134157 0.0871844 0.0726705 0.0705819 0.0884987 0.310557 0.374445 0.39282 0.376185 0.284713 0.18879 0.157832 0.157255 0.200402 0.331038 0.325291 0.322828 0.325213 0 
0.186506 0.117159 0.165221 0.167547 0.135121 0.191279 0.188745 0.183414 0.136516 0.191373 0.119389 0.163075 0.165564 0.137011 0.194834 0.196222 0.187831 0.136386 0.353292 0.236266 0.317378 0.319952 0.270411 0.354611 0.354047 0.346038 0.270924 0.349322 0.348851 0.349651 0.349026 0 
0.0282218 0.0416847 0.0900813 0.300715 0.381877 0.323648 0.0956042 0.0420605 0.0260607 0.0222651 0.0232918 0.0326492 0.0524371 0.0729414 0.0643913 0.0377801 0.0267201 0.0232777 0.050481 0.0649705 0.122594 0.331836 0.38976 0.354326 0.13329 0.0687739 0.0493385 0.19698 0.199885 0.194334 0.203438 0 
0.0113483 0.00463086 0.0046858 0.00397524 0.00846576 0.00528758 0.00362498 0.00400006 0.0041775 0.0103058 0.00450526 0.0047421 0.0041055 0.0106003 0.00621451 0.00446854 0.00497618 0.00469176 0.0214194 0.00913596 0.00941305 0.00808052 0.0189711 0.0115013 0.00809323 0.00896687 0.00886926 0.0111927 0.0125269 0.0121928 0.0134931 0 
0.0968246 0.0489956 0.0322771 0.0282114 0.0359411 0.039307 0.0351169 0.0447347 0.107665 0.364589 0.109957 0.0455442 0.0361772 0.0405923 0.0374392 0.0304809 0.0361761 0.0525246 0.380642 0.158444 0.0777813 0.0643635 0.0764825 0.0766409 0.065548 0.080823 0.159606 0.149752 0.150536 0.137268 0.138753 0 
0.0742228 0.0615217 0.0636127 0.0586984 0.0606065 0.0581045 0.0589826 0.062133 0.0650436 0.0821057 0.129476 0.241979 0.315872 0.341351 0.327328 0.280795 0.1873 0.109465 0.156042 0.190427 0.296291 0.350474 0.366145 0.357017 0.324857 0.245245 0.174105 0.303027 0.304062 0.301828 0.306631 0 
0.0901989 0.0765834 0.0740767 0.0761674 0.0810284 0.0852037 0.107364 0.11278 0.0812062 0.0743975 0.0776531 0.0891832 0.101459 0.12274 0.160694 0.28892 0.284178 0.131675 0.164306 0.153622 0.162633 0.176444 0.202331 0.242189 0.349472 0.348212 0.211092 0.250152 0.249347 0.254363 0.243387 0 
0.379511 0.0450223 0.0146957 0.00985436 0.0115697 0.00980327 0.00844205 0.011051 0.0235894 0.0735611 0.0222248 0.0107018 0.00759332 0.0102588 0.0111933 0.0106773 0.0151692 0.0462368 0.385679 0.0672335 0.0253967 0.0174477 0.0218163 0.020982 0.0191185 0.0262201 0.0697721 0.0844344 0.085432 0.0846691 0.0854117 0 
0.325237 0.272154 0.151812 0.0775387 0.0551656 0.0481989 0.0570301 0.0856292 0.183059 0.290854 0.228368 0.135327 0.0735902 0.0558446 0.0521407 0.0621732 0.0982618 0.214949 0.397494 0.385208 0.279354 0.150974 0.110997 0.10033 0.119187 0.183591 0.353974 0.289634 0.289341 0.291301 0.292822 0 
0.0406862 0.0943951 0.347337 0.223251 0.0608997 0.0340102 0.0233711 0.021647 0.0233657 0.0384251 0.0879034 0.345992 0.245672 0.0687174 0.0352885 0.0254287 0.0228934 0.0251008 0.0790592 0.181339 0.398069 0.367986 0.129536 0.0692749 0.0487654 0.0445384 0.048466 0.214454 0.202691 0.204383 0.210198 0 
0.323978 0.102458 0.0456409 0.0292354 0.0288724 0.0300138 0.038858 0.0666988 0.0673864 0.0770814 0.0428254 0.0313234 0.0262809 0.033784 0.0465984 0.0883823 0.316679 0.363852 0.357398 0.144969 0.0769533 0.0555147 0.0626135 0.0765416 0.127023 0.349508 0.377983 0.203901 0.209119 0.212683 0.203934 0 
0.296151 0.224574 0.205803 0.24116 0.284003 0.121403 0.0614997 0.0500384 0.0540648 0.0829654 0.0548568 0.0525639 0.0584841 0.0834601 0.0620122 0.0537152 0.0657927 0.113201 0.338409 0.268847 0.251652 0.284492 0.330958 0.18122 0.11498 0.115749 0.165994 0.250714 0.251336 0.251314 0.26757 0 
0.162047 0.320726 0.366902 0.331587 0.157264 0.0679844 0.0405961 0.032611 0.033327 0.0426804 0.0539402 0.0577576 0.0521675 0.0434922 0.0345888 0.0335964 0.0399318 0.0682415 0.20221 0.349219 0.378769 0.354889 0.198727 0.102504 0.0741611 0.0725253 0.10147 0.227266 0.222735 0.22528 0.23897 0 
0.107659 0.0810341 0.0566883 0.0433339 0.0450406 0.0438525 0.0537659 0.0812935 0.132834 0.211884 0.161707 0.101702 0.0656612 0.0559442 0.0434592 0.0450807 0.0546723 0.077058 0.265773 0.222871 0.15489 0.108285 0.1002 0.0869826 0.0985758 0.13415 0.197431 0.262801 0.254205 0.0864702 0.0860265 0 
0.081842 0.112924 0.268022 0.149046 0.081311 0.0749698 0.123647 0.199194 0.0862648 0.066505 0.0754312 0.15718 0.105652 0.0681904 0.0725587 0.132917 0.224604 0.10203 0.148053 0.185723 0.354978 0.243203 0.149217 0.147058 0.244856 0.353076 0.186192 0.253775 0.253261 0.26042 0.261276 0 
0.0993043 0.0315654 0.0211468 0.0185002 0.0232456 0.0255515 0.0345821 0.0646302 0.060627 0.0373237 0.0246763 0.0202329 0.0202331 0.0252117 0.0331424 0.0742324 0.343793 0.339713 0.135983 0.056173 0.0413704 0.038699 0.0483556 0.0586256 0.108641 0.36127 0.359509 0.150073 0.160964 0.154746 0.145957 0 
0.216008 0.15779 0.107871 0.135157 0.205974 0.200685 0.171444 0.110895 0.177215 0.20099 0.148269 0.108655 0.13699 0.215353 0.210401 0.181716 0.116417 0.186375 0.364773 0.297416 0.216081 0.268268 0.368457 0.36073 0.333817 0.227119 0.341043 0.351359 0.351053 0.353534 0.352693 0 
0.0756578 0.0346451 0.0221201 0.016521 0.0189025 0.0213958 0.0277406 0.0662531 0.348449 0.375164 0.0854742 0.0308106 0.0196958 0.0195355 0.0174387 0.019551 0.0291682 0.0558932 0.385567 0.12001 0.0528676 0.0361779 0.0384346 0.0388329 0.0472834 0.0954114 0.364357 0.150919 0.155597 0.149999 0.148954 0 
0.236523 0.116779 0.0768255 0.0616672 0.0643087 0.0691336 0.0628082 0.0630773 0.061845 0.0675646 0.0606003 0.065201 0.0808051 0.135374 0.261172 0.330859 0.341033 0.314386 0.290079 0.176426 0.141688 0.142319 0.198503 0.3123 0.360714 0.366475 0.34903 0.285271 0.290097 0.301335 0.287637 0 
0.11162 0.146814 0.267228 0.261185 0.142627 0.118376 0.112043 0.0974363 0.0938802 0.0995196 0.115813 0.16396 0.161814 0.118634 0.112061 0.112777 0.102419 0.100445 0.210369 0.258551 0.366896 0.365138 0.258725 0.22901 0.223448 0.199423 0.193908 0.285185 0.286715 0.286385 0.291294 0 
0.349518 0.272045 0.0935153 0.0556113 0.0483782 0.0433034 0.042954 0.0574256 0.106624 0.309084 0.162665 0.0710185 0.047851 0.0426524 0.0388139 0.0383905 0.0537833 0.110125 0.396787 0.364341 0.164369 0.103442 0.0910287 0.0821165 0.0813226 0.111157 0.215962 0.226837 0.228644 0.228231 0.232573 0 
0.0543031 0.0660761 0.101229 0.219997 0.347768 0.337799 0.187055 0.0960695 0.0641133 0.0543093 0.0602457 0.0803323 0.129196 0.173613 0.160498 0.116147 0.0792965 0.0606314 0.108609 0.126289 0.181328 0.326836 0.392371 0.389136 0.293007 0.17515 0.124706 0.283745 0.279906 0.282915 0.279454 0 
0.0926989 0.0864499 0.0860565 0.0908032 0.109428 0.100231 0.0845405 0.0797385 0.0826304 0.0947911 0.0931616 0.0978667 0.110076 0.135898 0.12015 0.0955057 0.0856569 0.0853368 0.178428 0.175269 0.178164 0.191747 0.221483 0.20561 0.175106 0.162117 0.164431 0.317202 0.0979864 0.305465 0.0953496 0 
0.101064 0.108397 0.118101 0.181196 0.1475 0.206587 0.182818 0.170288 0.109681 0.0956279 0.0997383 0.105243 0.151028 0.1259 0.171422 0.172538 0.178065 0.115508 0.196626 0.207878 0.222933 0.319418 0.271319 0.347576 0.33261 0.329712 0.224745 0.297232 0.301588 0.297272 0.301595 0 
0.119906 0.172283 0.116018 0.169766 0.158651 0.153936 0.116508 0.109191 0.135114 0.118261 0.170871 0.120243 0.176868 0.161581 0.164367 0.119862 0.110332 0.13793 0.237406 0.32799 0.235857 0.328153 0.310572 0.308304 0.235723 0.219274 0.269788 0.300257 0.298906 0.298171 0.296103 0 
0.152841 0.0762616 0.0524099 0.0548492 0.107674 0.284324 0.227711 0.10876 0.115855 0.191197 0.0841418 0.0487179 0.0433539 0.0600781 0.0949276 0.0712305 0.0535358 0.0779651 0.30422 0.157352 0.100971 0.0981936 0.16677 0.334884 0.280901 0.161193 0.18997 0.2158 0.246031 0.208231 0.228347 0 
0.119323 0.167217 0.127059 0.125857 0.120107 0.186902 0.185714 0.168249 0.19112 0.126579 0.169705 0.129608 0.135124 0.127389 0.199509 0.202934 0.178099 0.195202 0.245569 0.325686 0.254987 0.259017 0.246956 0.357442 0.356044 0.328898 0.357644 0.33657 0.336971 0.335692 0.336944 0 
0.0579863 0.0600831 0.0612085 0.0635924 0.074098 0.0625301 0.0521918 0.0572785 0.0790314 0.150734 0.285245 0.339241 0.336061 0.310888 0.16715 0.0887305 0.0625183 0.0544094 0.206913 0.32593 0.363184 0.362657 0.350774 0.226266 0.140676 0.119678 0.133362 0.283727 0.275325 0.273273 0.28158 0 
0.279538 0.251145 0.124606 0.0686664 0.0625189 0.0647744 0.0883828 0.223197 0.298495 0.268906 0.145909 0.0719516 0.04841 0.0426712 0.0440372 0.0571492 0.104228 0.16187 0.387621 0.352678 0.195361 0.11702 0.105173 0.108751 0.145496 0.310358 0.374755 0.278465 0.285704 0.282219 0.288015 0 
0.144734 0.142269 0.155862 0.133314 0.14395 0.108538 0.204221 0.211921 0.189659 0.136328 0.13449 0.15292 0.128894 0.141072 0.107129 0.205587 0.230312 0.19588 0.27764 0.27338 0.300351 0.260104 0.280307 0.215639 0.3666 0.376729 0.354425 0.336646 0.337731 0.338575 0.338589 0 
0.177949 0.176442 0.143122 0.111279 0.091877 0.0789218 0.0832039 0.10205 0.130725 0.140632 0.139787 0.120672 0.0988945 0.0879274 0.077259 0.0861382 0.111756 0.152402 0.30076 0.299001 0.258017 0.208984 0.179398 0.156116 0.169163 0.212393 0.274203 0.237135 0.242162 0.254734 0.261112 0 
0.00788462 0.00718736 0.0103204 0.0273459 0.358495 0.322458 0.0283193 0.0125898 0.00936291 0.0104711 0.00943994 0.0127141 0.0319829 0.350626 0.168184 0.01809 0.00889117 0.00692032 0.0183557 0.0166273 0.0230344 0.0593288 0.398772 0.384096 0.0464093 0.0214809 0.0162832 0.165678 0.165813 0.163943 0.165123 0 
0.0169948 0.0176714 0.0275026 0.0602414 0.0672167 0.0380706 0.0231354 0.0165578 0.0149413 0.0182052 0.0257688 0.0683616 0.334469 0.341629 0.0974495 0.0307295 0.0192792 0.0149094 0.0351654 0.0434215 0.0957738 0.354485 0.35937 0.135098 0.0538317 0.035821 0.0298375 0.150291 0.141707 0.142521 0.146775 0 
0.303391 0.273105 0.0512749 0.0197964 0.0152813 0.0127278 0.0134087 0.0203338 0.0540968 0.297315 0.319073 0.0603039 0.0214033 0.0164306 0.0148526 0.0146519 0.0229374 0.0617048 0.384816 0.392953 0.111516 0.0411997 0.0317117 0.0275791 0.0280551 0.0432629 0.115798 0.187978 0.185754 0.186959 0.189816 0 
0.190381 0.0928822 0.0663851 0.0586415 0.0768043 0.111583 0.218002 0.254389 0.156323 0.0981239 0.0600211 0.0457783 0.043283 0.0529718 0.0794906 0.179929 0.325262 0.314776 0.278467 0.152606 0.112146 0.101918 0.129725 0.190144 0.349536 0.393408 0.379397 0.276781 0.285873 0.291818 0.288685 0 
0.233221 0.0474273 0.129079 0.0425939 0.2601 0.0145753 0.0417404 0.129821 0.044995 0.229926 0.046364 0.14097 0.047373 0.282831 0.0168364 0.0483634 0.137859 0.0460785 0.363893 0.09377 0.260691 0.0899152 0.386298 0.0314117 0.0900461 0.258871 0.0910316 0.225477 0.231116 0.226159 0.231838 0 
0.0577628 0.0530469 0.0526593 0.0365533 0.028613 0.0251988 0.028426 0.0464554 0.107865 0.333576 0.367279 0.322223 0.0991699 0.0491425 0.0296496 0.0231992 0.0257775 0.0336365 0.356296 0.377295 0.346251 0.135568 0.0777292 0.0548198 0.0516202 0.0721808 0.141246 0.205417 0.200033 0.199218 0.206247 0 
0.096646 0.0569885 0.0479077 0.0456063 0.0561767 0.0808637 0.165423 0.312011 0.310195 0.190382 0.098754 0.0733812 0.0680864 0.0840756 0.126591 0.234366 0.252155 0.155457 0.277732 0.15561 0.121248 0.113659 0.140137 0.206274 0.35139 0.391757 0.377538 0.289835 0.291544 0.293064 0.282874 0 
0.053466 0.0552742 0.0756657 0.0808888 0.0745913 0.053997 0.0440861 0.0423813 0.044985 0.0610516 0.0745189 0.107649 0.132159 0.118106 0.0804662 0.0577955 0.0492899 0.0453218 0.113345 0.128374 0.177041 0.203186 0.185557 0.133274 0.101687 0.091445 0.0901487 0.206772 0.124806 0.158919 0.0995516 0 
0.194238 0.125272 0.186886 0.148924 0.122715 0.143326 0.124591 0.111646 0.176348 0.186928 0.125039 0.188661 0.162256 0.131246 0.148556 0.128854 0.114833 0.185372 0.348844 0.249521 0.348317 0.302388 0.252813 0.286245 0.251877 0.226245 0.340779 0.318733 0.319159 0.318656 0.318916 0 
0.019948 0.0175661 0.0203566 0.0336667 0.109307 0.344284 0.341695 0.073988 0.0312823 0.0239687 0.019757 0.0214932 0.0285348 0.0499896 0.0775367 0.0662191 0.0371827 0.0227459 0.0439167 0.0372277 0.0418054 0.0621795 0.158592 0.364143 0.361341 0.110887 0.0540251 0.153239 0.16323 0.160133 0.154845 0 
0.0860877 0.0841922 0.0886577 0.0902403 0.0894228 0.0781599 0.0748333 0.0766968 0.0806537 0.0953078 0.120207 0.167219 0.223309 0.232107 0.174859 0.141639 0.12018 0.0967872 0.180856 0.203064 0.250802 0.296986 0.302748 0.248323 0.214891 0.195693 0.176911 0.266468 0.238143 0.261926 0.233095 0 
0.276182 0.224107 0.168214 0.113738 0.0736935 0.0567938 0.0522648 0.0587264 0.0832507 0.13662 0.197087 0.273687 0.250939 0.143544 0.105915 0.094893 0.113375 0.181826 0.358497 0.358312 0.367372 0.336214 0.215742 0.162454 0.14703 0.171879 0.259051 0.311942 0.29751 0.315 0.303477 0 
0.0473398 0.0568441 0.0865872 0.173794 0.260652 0.278865 0.195708 0.0855853 0.0546695 0.0493951 0.0606457 0.0999269 0.223731 0.309748 0.294284 0.18721 0.0831599 0.0545037 0.0967309 0.117483 0.186286 0.357551 0.393787 0.39559 0.348896 0.168661 0.109163 0.309135 0.305512 0.307735 0.304505 0 
0.102153 0.113664 0.1285 0.132209 0.164702 0.248712 0.321676 0.307566 0.189569 0.117629 0.104551 0.100042 0.0959765 0.104912 0.119418 0.128645 0.129866 0.115541 0.21877 0.217131 0.226237 0.227092 0.265153 0.338884 0.380203 0.373879 0.29524 0.31712 0.330077 0.316487 0.321036 0 
0.328889 0.113721 0.0703543 0.08121 0.287136 0.224616 0.0509397 0.035707 0.0463109 0.109359 0.0467377 0.0349557 0.040439 0.107778 0.0963496 0.0426206 0.0440487 0.0826386 0.367103 0.158811 0.105136 0.121341 0.340717 0.292826 0.0935098 0.0796968 0.128447 0.214955 0.214763 0.214389 0.225065 0 
0.155904 0.181145 0.114895 0.159226 0.208068 0.171229 0.197024 0.198432 0.119036 0.156112 0.171905 0.110761 0.154962 0.196758 0.168803 0.182893 0.188777 0.116605 0.303477 0.338051 0.225514 0.305349 0.365181 0.323261 0.351186 0.356956 0.235389 0.346936 0.348192 0.348357 0.348338 0 
0.251037 0.263515 0.270727 0.195894 0.1439 0.105122 0.0872622 0.0753819 0.0665483 0.0689412 0.0738718 0.0944286 0.110822 0.142507 0.183884 0.2424 0.261289 0.242984 0.305968 0.320275 0.337729 0.292478 0.274841 0.278759 0.312636 0.31815 0.297918 0.330207 0.334634 0.345939 0.347095 0 
0.018397 0.0144678 0.0155476 0.021344 0.0545557 0.0699126 0.0270921 0.0167475 0.0125208 0.0154943 0.0132876 0.0166539 0.0291311 0.159283 0.353551 0.0701119 0.0243731 0.0166272 0.0338418 0.0277503 0.0321757 0.0504714 0.207506 0.366472 0.0969574 0.0410997 0.0291308 0.104578 0.119012 0.107648 0.116165 0 
0.079735 0.115278 0.173186 0.197443 0.158147 0.103556 0.0716973 0.0620012 0.0613378 0.0712673 0.0865924 0.114424 0.114861 0.102182 0.0756228 0.0615761 0.058051 0.0604931 0.150455 0.198518 0.268814 0.286409 0.248001 0.177484 0.133067 0.119903 0.12157 0.169067 0.22644 0.185454 0.252215 0 
0.0981566 0.135443 0.200883 0.2827 0.328198 0.318358 0.277262 0.188996 0.126322 0.0978299 0.0888426 0.090111 0.0904057 0.0965191 0.0930485 0.093449 0.0895981 0.0868001 0.195285 0.223084 0.283068 0.346593 0.373167 0.367534 0.344518 0.272821 0.212303 0.324758 0.329889 0.325875 0.331346 0 
0.0384472 0.0457404 0.0687691 0.0752196 0.0759225 0.0489863 0.0377693 0.0349592 0.0353307 0.0522856 0.0863988 0.21433 0.342645 0.326908 0.121518 0.0587833 0.0404799 0.0335293 0.0906315 0.131693 0.27125 0.364742 0.356574 0.1695 0.0964738 0.0753234 0.0688223 0.209414 0.200549 0.201454 0.207884 0 
0.0394063 0.0459783 0.0673465 0.114128 0.214111 0.209191 0.116126 0.0685463 0.0471849 0.0405832 0.0388844 0.0483435 0.068882 0.10947 0.0994737 0.0626197 0.0457066 0.0373096 0.0797858 0.0847622 0.114929 0.176865 0.271096 0.265339 0.173176 0.113572 0.084368 0.0893615 0.258711 0.0893003 0.257136 0 
0.120342 0.180494 0.197225 0.188576 0.198334 0.100412 0.107113 0.113369 0.110738 0.115285 0.175861 0.20408 0.219925 0.243047 0.110302 0.117216 0.122256 0.118379 0.235192 0.336995 0.359574 0.362459 0.378454 0.210656 0.224125 0.234782 0.228244 0.324262 0.321596 0.324899 0.322271 0 
0.280532 0.16129 0.08991 0.0721026 0.0863522 0.132532 0.260104 0.282431 0.171958 0.14972 0.0813446 0.0545017 0.0465926 0.0495906 0.0584924 0.0861383 0.122154 0.168165 0.359922 0.236954 0.144165 0.11864 0.135693 0.189812 0.323093 0.350269 0.309022 0.265255 0.2859 0.270716 0.287764 0 
0.132524 0.109373 0.0952171 0.0896568 0.0971268 0.08719 0.085822 0.0904589 0.100935 0.111569 0.0983588 0.0911628 0.0917188 0.103944 0.0959285 0.101191 0.109369 0.118922 0.224823 0.198888 0.181031 0.177108 0.192549 0.1776 0.182001 0.192467 0.207813 0.314267 0.323676 0.104019 0.111493 0 
0.137024 0.100947 0.0632111 0.0542926 0.059058 0.0607152 0.0604343 0.0738254 0.12789 0.349151 0.312599 0.1135 0.0756384 0.0686952 0.0604372 0.0581037 0.0638841 0.0817793 0.382446 0.359462 0.176228 0.129819 0.127656 0.120935 0.11831 0.137406 0.208512 0.231985 0.227216 0.22336 0.223083 0 
0.193569 0.123923 0.0960602 0.0848315 0.0884588 0.0752637 0.0688143 0.0688992 0.0767171 0.0997751 0.106343 0.12906 0.194034 0.284456 0.31112 0.309989 0.292516 0.244215 0.281315 0.227617 0.222844 0.27245 0.344638 0.35519 0.352577 0.339649 0.307656 0.33198 0.339384 0.338171 0.333032 0 
0.307177 0.269124 0.140396 0.0578371 0.0377727 0.0287968 0.0274382 0.0368313 0.0574566 0.143061 0.273642 0.292036 0.102725 0.0582082 0.0423871 0.0416288 0.0593929 0.121962 0.369115 0.383456 0.360516 0.160193 0.0958968 0.071175 0.0690646 0.0961159 0.178248 0.249566 0.238738 0.250351 0.250283 0 
0.0531198 0.041683 0.0434362 0.0515699 0.0805468 0.142242 0.182969 0.178019 0.10631 0.0694958 0.0550263 0.058713 0.0799128 0.14469 0.314174 0.323201 0.171957 0.0843065 0.122545 0.0966977 0.102068 0.131314 0.224004 0.375716 0.384422 0.318566 0.189431 0.256079 0.257579 0.261754 0.252886 0 
0.0296574 0.0234629 0.025548 0.0344963 0.0664717 0.0652376 0.0479931 0.0321644 0.0230282 0.0231009 0.0257977 0.0414338 0.0965894 0.33387 0.37926 0.305577 0.095079 0.0423866 0.0527557 0.0492594 0.0669812 0.131057 0.36183 0.387512 0.334374 0.127114 0.0654068 0.195703 0.20314 0.198984 0.199377 0 
0.0746315 0.0705278 0.0868367 0.115301 0.196882 0.275982 0.284822 0.200113 0.0906985 0.0671169 0.0634543 0.0797798 0.103711 0.157824 0.228805 0.27329 0.229306 0.103592 0.141747 0.133952 0.166284 0.218328 0.330586 0.38726 0.395361 0.369231 0.194218 0.31733 0.320102 0.320704 0.315904 0 
0.00922589 0.00797642 0.0106352 0.0216036 0.160311 0.337538 0.0407846 0.0160264 0.0109747 0.0122306 0.0113358 0.0157255 0.0352189 0.331519 0.349729 0.0345108 0.0130639 0.00901985 0.0214565 0.0193123 0.0263607 0.0568226 0.38392 0.398026 0.0752953 0.0290903 0.0199946 0.170614 0.167157 0.169773 0.165339 0 
0.0721067 0.0466406 0.0424362 0.0443581 0.0607416 0.0601201 0.0555624 0.0532067 0.0432015 0.0456456 0.052138 0.0756213 0.143932 0.306758 0.358701 0.357946 0.307323 0.136167 0.117484 0.0987293 0.117959 0.1876 0.342849 0.376565 0.375479 0.34012 0.178663 0.261636 0.269585 0.270035 0.265333 0 
0.06292 0.0682384 0.0853433 0.121003 0.174759 0.188361 0.142866 0.094319 0.0725996 0.0641209 0.0708768 0.0924074 0.132246 0.185937 0.211748 0.153119 0.0985173 0.0749839 0.12699 0.139083 0.177419 0.249437 0.32922 0.349577 0.285929 0.192435 0.147512 0.236675 0.257453 0.2366 0.256557 0 
0.0448506 0.0358618 0.034278 0.039705 0.0605014 0.127219 0.308501 0.368532 0.318081 0.139832 0.065405 0.0449792 0.0396125 0.0433877 0.0531989 0.069721 0.0693456 0.0569707 0.183219 0.101222 0.0791942 0.0791935 0.103828 0.179086 0.346584 0.381989 0.347077 0.224208 0.238083 0.223374 0.219416 0 
0.2125 0.213085 0.170184 0.204156 0.196432 0.104615 0.117325 0.140396 0.182338 0.206064 0.193597 0.154164 0.168047 0.166338 0.0955234 0.111878 0.137623 0.181613 0.367599 0.364182 0.310563 0.345338 0.338976 0.200074 0.228873 0.273792 0.341861 0.345883 0.348481 0.347044 0.351992 0 
0.0908118 0.265467 0.324944 0.0789704 0.0346972 0.023559 0.0195576 0.0226211 0.0348391 0.0838754 0.255505 0.316164 0.0910881 0.0388177 0.0255279 0.0209271 0.0257055 0.0368943 0.173908 0.379226 0.39429 0.169483 0.0734772 0.0490833 0.0404727 0.0482912 0.0717316 0.214288 0.204092 0.209608 0.215803 0 
0.28964 0.189338 0.108033 0.102878 0.120987 0.115714 0.101751 0.116198 0.224054 0.307489 0.19883 0.109926 0.101492 0.116434 0.108999 0.0945765 0.112052 0.217091 0.396877 0.34797 0.217416 0.20364 0.23445 0.222585 0.195867 0.227193 0.373058 0.323056 0.322234 0.322895 0.321322 0 
0.106535 0.0768233 0.0705061 0.0648482 0.0676491 0.0707045 0.0801994 0.12451 0.293608 0.316875 0.143679 0.0977504 0.0827724 0.0798861 0.0676018 0.0632404 0.0715071 0.0958269 0.360303 0.218297 0.167304 0.147004 0.147162 0.138051 0.143277 0.194305 0.344968 0.239828 0.240717 0.225522 0.224721 0 
0.132711 0.03863 0.0291799 0.0342395 0.105934 0.0611136 0.0318188 0.0356658 0.0639756 0.290448 0.0891664 0.0677065 0.0801852 0.29445 0.114517 0.037208 0.0361449 0.0456044 0.349171 0.127234 0.0966802 0.114115 0.343447 0.173966 0.069024 0.0717739 0.109077 0.189595 0.185303 0.184866 0.189149 0 
0.0109449 0.00949322 0.0133495 0.0348674 0.335568 0.15585 0.0187468 0.00898516 0.00680021 0.00829169 0.00786928 0.0118988 0.0306293 0.359368 0.323203 0.030887 0.0130824 0.00967309 0.0192366 0.0173625 0.0252483 0.0654941 0.398448 0.38234 0.0496338 0.0220676 0.0164732 0.163812 0.163044 0.164186 0.163964 0 
0.376695 0.312831 0.107433 0.0473648 0.0313101 0.0246142 0.0267842 0.0378308 0.0535027 0.0667194 0.0556243 0.0382137 0.0284034 0.0278797 0.0309937 0.0480373 0.109059 0.311134 0.385254 0.342828 0.145381 0.0757682 0.0591552 0.0556052 0.0748173 0.146474 0.341562 0.200553 0.203543 0.205864 0.207647 0 
0.0312932 0.0183778 0.0166351 0.0168783 0.0254967 0.0434244 0.114114 0.143106 0.0459391 0.0267671 0.0194513 0.0187835 0.0223335 0.0368713 0.085922 0.334695 0.356297 0.0747887 0.0580036 0.0377982 0.035404 0.0392117 0.0623427 0.128915 0.368171 0.384817 0.120457 0.164843 0.17217 0.173221 0.164419 0 
0.0349981 0.0446873 0.0914045 0.276083 0.333487 0.183417 0.0674887 0.0370854 0.0275318 0.0272997 0.0344374 0.0631728 0.146911 0.315622 0.269094 0.0875138 0.0456277 0.0331866 0.0622978 0.0791219 0.154513 0.361471 0.396837 0.372252 0.154861 0.0827128 0.0607184 0.25132 0.24613 0.250484 0.250982 0 
0.26698 0.122875 0.0984542 0.0946584 0.115308 0.140117 0.101896 0.12527 0.119039 0.176669 0.106724 0.0967779 0.103109 0.133962 0.195223 0.137412 0.1695 0.157584 0.370162 0.227914 0.194756 0.197195 0.246274 0.314629 0.237329 0.285145 0.270356 0.291722 0.282485 0.298336 0.287834 0 
0.304745 0.0702251 0.0356122 0.0341337 0.0809827 0.0837252 0.0327176 0.0288374 0.0369598 0.0930204 0.0415207 0.0323966 0.0449681 0.224502 0.284745 0.0779655 0.064026 0.094358 0.343724 0.11133 0.067998 0.0790649 0.280701 0.325225 0.110368 0.0926074 0.130829 0.190787 0.199527 0.200641 0.194134 0 
0.072816 0.0577536 0.0270126 0.016069 0.0142995 0.014118 0.0150943 0.023984 0.0720619 0.354713 0.344115 0.0650922 0.0265946 0.0193364 0.0167421 0.0147989 0.0199441 0.0339031 0.367911 0.360579 0.0920376 0.0426393 0.0336232 0.0308255 0.0298847 0.0439221 0.105923 0.143926 0.14103 0.140456 0.144244 0 
0.0853168 0.0927213 0.14466 0.271705 0.298175 0.182493 0.110136 0.0763945 0.0507133 0.0451276 0.0457512 0.06021 0.0929805 0.156764 0.256638 0.287382 0.185986 0.100946 0.130233 0.138447 0.203792 0.337568 0.373363 0.363321 0.35526 0.255684 0.15142 0.299733 0.293238 0.305959 0.300359 0 
0.113701 0.0683596 0.0585253 0.0821418 0.22862 0.219249 0.119259 0.139826 0.283545 0.311667 0.100857 0.059205 0.0565077 0.0978034 0.0795927 0.0520555 0.0559157 0.0815932 0.35835 0.168152 0.117659 0.138341 0.301125 0.283261 0.170531 0.193579 0.332575 0.255304 0.273476 0.253473 0.258798 0 
0.265479 0.068364 0.0329374 0.0222493 0.0228032 0.0260987 0.0383778 0.108922 0.31974 0.28067 0.0755075 0.0340787 0.0239719 0.0248289 0.0281799 0.0416423 0.123097 0.323089 0.383476 0.143794 0.0670016 0.0462212 0.0476206 0.0542594 0.0800072 0.227493 0.395769 0.218962 0.221892 0.220044 0.215922 0 
0.0225486 0.0232141 0.0339737 0.0719214 0.341699 0.316956 0.0624742 0.0296469 0.0219262 0.0213213 0.0229209 0.0343102 0.0716453 0.351331 0.343487 0.0685562 0.0325633 0.0225675 0.0438699 0.0461349 0.0682561 0.14356 0.399506 0.399204 0.131026 0.0622097 0.0444937 0.224494 0.221491 0.224402 0.221996 0 
0.0970156 0.0892097 0.0899136 0.0983241 0.12903 0.122368 0.10773 0.0981541 0.0964126 0.102366 0.0954225 0.0975996 0.103963 0.129418 0.122111 0.110873 0.100755 0.0954954 0.19114 0.180771 0.183236 0.196023 0.236017 0.227032 0.209439 0.193088 0.186955 0.117545 0.330735 0.115761 0.325093 0 
0.0619977 0.0628306 0.0718474 0.0936199 0.159273 0.105161 0.0682386 0.0563659 0.0546638 0.068115 0.0743335 0.0942353 0.147708 0.310953 0.153078 0.0791402 0.0615458 0.0563062 0.129992 0.136918 0.165396 0.235131 0.37154 0.251244 0.147208 0.11784 0.110851 0.223741 0.201307 0.216017 0.19775 0 
0.105761 0.124119 0.191176 0.143223 0.260301 0.224895 0.1344 0.115648 0.108086 0.101043 0.105988 0.138465 0.11049 0.163121 0.148065 0.104555 0.0974785 0.0998793 0.206453 0.229094 0.315055 0.252005 0.365624 0.341446 0.237812 0.212376 0.207299 0.285268 0.297523 0.285951 0.29877 0 
0.156151 0.156892 0.12428 0.108489 0.105436 0.108063 0.137373 0.129881 0.136449 0.227847 0.238331 0.164646 0.129021 0.119622 0.116735 0.141472 0.121226 0.113698 0.347341 0.354566 0.282081 0.236139 0.224506 0.223657 0.273178 0.249126 0.248374 0.303919 0.300627 0.29678 0.293961 0 
0.103028 0.0413172 0.0322756 0.0396471 0.186093 0.273112 0.0715709 0.0574205 0.0884634 0.313098 0.0823104 0.0402814 0.0408978 0.105546 0.140489 0.0392422 0.0290459 0.0390319 0.354926 0.122975 0.0725065 0.0805331 0.269508 0.34467 0.110612 0.0863459 0.127152 0.198219 0.212704 0.198301 0.202938 0 
0.203968 0.126748 0.154169 0.101275 0.244972 0.0653085 0.105136 0.15576 0.124862 0.201993 0.121658 0.151249 0.102244 0.247926 0.0654986 0.106781 0.158832 0.127142 0.355119 0.245718 0.294507 0.203138 0.38443 0.130799 0.211204 0.302615 0.248994 0.301978 0.302378 0.302336 0.302695 0 
0.0325219 0.0227376 0.0235786 0.03296 0.0658321 0.185382 0.327929 0.250166 0.0631654 0.0318618 0.0221992 0.0231271 0.0310622 0.062888 0.182759 0.335621 0.247858 0.0629047 0.0643571 0.0449369 0.0467021 0.0640205 0.128635 0.324392 0.397088 0.376197 0.125895 0.231751 0.23902 0.24298 0.231192 0 
0.0624525 0.0526905 0.0513848 0.0576075 0.0792845 0.106179 0.167345 0.230148 0.156204 0.107713 0.0747478 0.0614344 0.057496 0.0625257 0.066657 0.0813524 0.0920721 0.0712129 0.168263 0.127136 0.112662 0.114904 0.140935 0.170659 0.23803 0.294267 0.219647 0.188927 0.220441 0.172692 0.190332 0 
0.0794206 0.0236102 0.0103356 0.0074093 0.00902579 0.00961344 0.0089701 0.0144237 0.0463288 0.379775 0.0474316 0.0143511 0.00888311 0.0104547 0.00940145 0.00765574 0.0101327 0.0225377 0.385744 0.0710106 0.0246857 0.0162924 0.0194621 0.0190077 0.0166257 0.0245565 0.0688434 0.0849331 0.0855414 0.0839432 0.0848715 0 
0.0102529 0.00797114 0.010227 0.0181698 0.0599357 0.0559308 0.0173203 0.0100894 0.00788627 0.0100882 0.00994939 0.0157644 0.0452536 0.376603 0.370827 0.0449075 0.0151729 0.00972957 0.0203364 0.0179205 0.0259914 0.0634235 0.385586 0.381565 0.0622279 0.0252624 0.0176158 0.12856 0.129478 0.128931 0.12972 0 
0.00847107 0.00676447 0.00811342 0.0140665 0.0977083 0.370499 0.0451565 0.0124151 0.00798328 0.0085398 0.00722297 0.00885563 0.0164544 0.105338 0.366578 0.04568 0.0128931 0.0079628 0.0170086 0.0139758 0.0169691 0.0305209 0.202217 0.398843 0.0907868 0.0253082 0.0159461 0.135781 0.135751 0.136765 0.134137 0 
0.132957 0.116358 0.0971216 0.0926181 0.0971772 0.105965 0.130673 0.166065 0.164974 0.122511 0.109012 0.0954447 0.0952565 0.103627 0.115794 0.151877 0.206228 0.204416 0.252882 0.224226 0.192198 0.187466 0.200347 0.22046 0.275436 0.335991 0.336963 0.267023 0.270831 0.274734 0.275439 0 
0.0357808 0.0313702 0.037665 0.0523963 0.112092 0.102532 0.0487925 0.0334919 0.0282326 0.0321495 0.0335581 0.0465151 0.087596 0.360528 0.358352 0.0925906 0.0470372 0.0344774 0.0679257 0.0649222 0.0841403 0.139981 0.384476 0.382529 0.141348 0.0805008 0.0627081 0.187025 0.183783 0.187841 0.183874 0 
0.101362 0.121522 0.166073 0.159188 0.145561 0.125515 0.0913442 0.0773766 0.0796103 0.0978396 0.137353 0.266087 0.314725 0.29714 0.221826 0.133479 0.101411 0.0958913 0.19868 0.255513 0.371474 0.384999 0.374196 0.326838 0.224013 0.17858 0.175304 0.328695 0.316399 0.3242 0.319184 0 
0.0891451 0.0984772 0.108287 0.122605 0.202338 0.271259 0.232527 0.196222 0.214477 0.2981 0.262593 0.187374 0.1248 0.117287 0.0966825 0.0746247 0.064161 0.0695578 0.350453 0.335117 0.282112 0.242183 0.300766 0.339248 0.294878 0.255984 0.277538 0.333441 0.347691 0.324086 0.329088 0 
0.263816 0.284227 0.186544 0.107785 0.121319 0.096146 0.0556451 0.0469081 0.0522742 0.0797542 0.0884946 0.0977619 0.119586 0.267799 0.276967 0.136661 0.107925 0.126283 0.317779 0.340271 0.271023 0.222961 0.345975 0.336496 0.190958 0.154595 0.177764 0.294487 0.28699 0.30858 0.295937 0 
0.228395 0.313464 0.29123 0.146586 0.0931433 0.0707928 0.0654655 0.0787965 0.122943 0.228383 0.247455 0.199332 0.120011 0.0820562 0.0648309 0.0598222 0.0697594 0.106106 0.372588 0.393723 0.38219 0.261332 0.174886 0.135551 0.125241 0.148505 0.227297 0.30203 0.301977 0.304096 0.312148 0 
0.339968 0.107792 0.0686252 0.0587097 0.0704144 0.0738909 0.070095 0.0874883 0.179747 0.335021 0.11182 0.0676414 0.0601332 0.0740917 0.0789243 0.0724481 0.0926845 0.188738 0.398329 0.21882 0.136217 0.118794 0.144139 0.15229 0.142294 0.179654 0.332499 0.2517 0.252463 0.252417 0.251381 0 
0.0248353 0.0461771 0.216177 0.329042 0.142681 0.0480371 0.0242821 0.0180262 0.0169452 0.0250429 0.0463923 0.222635 0.337533 0.135627 0.0448362 0.0242973 0.0180258 0.0177998 0.049859 0.0925459 0.348699 0.39628 0.265499 0.092846 0.0485793 0.036052 0.034745 0.210599 0.200664 0.199042 0.209171 0 
0.202133 0.109546 0.067618 0.0436849 0.0377405 0.0397446 0.0530853 0.0964228 0.147935 0.255956 0.262551 0.1746 0.0929504 0.0804219 0.0801476 0.114373 0.266013 0.278622 0.363443 0.33764 0.237295 0.136476 0.118077 0.119646 0.167131 0.331708 0.359194 0.289901 0.278704 0.289612 0.274814 0 
0.0567544 0.0618908 0.0811852 0.117051 0.139077 0.117493 0.079508 0.0637885 0.0532239 0.0557595 0.0754509 0.120149 0.286418 0.359502 0.311744 0.13171 0.0830208 0.0612794 0.112488 0.13727 0.20101 0.357664 0.390237 0.368967 0.210708 0.146591 0.114479 0.27286 0.259825 0.269636 0.260685 0 
0.219308 0.159647 0.112896 0.147196 0.315942 0.322334 0.143806 0.110428 0.124835 0.171961 0.10323 0.0672922 0.068905 0.0996831 0.100927 0.074622 0.0794679 0.117749 0.341416 0.255439 0.179743 0.214052 0.364239 0.369406 0.216468 0.188867 0.236695 0.291125 0.306236 0.290474 0.309627 0 
0.0649991 0.135545 0.318512 0.311126 0.166087 0.0798511 0.0517251 0.0427927 0.0471231 0.067712 0.145157 0.310382 0.25537 0.132873 0.0674134 0.0456404 0.0399855 0.0441697 0.132617 0.273546 0.397219 0.392628 0.289106 0.147173 0.097365 0.0827504 0.0912662 0.278857 0.272262 0.269498 0.276075 0 
0.113141 0.109112 0.112227 0.121771 0.182598 0.112652 0.156499 0.134812 0.127133 0.108447 0.11119 0.124489 0.144636 0.241112 0.13074 0.193884 0.152405 0.137279 0.221083 0.219862 0.235937 0.263489 0.368579 0.242876 0.331718 0.282141 0.261425 0.295894 0.298466 0.29492 0.29588 0 
0.330893 0.135271 0.0492365 0.0286683 0.0243194 0.0248553 0.0312673 0.0591141 0.149891 0.330123 0.2611 0.0832261 0.0434156 0.0342963 0.0339377 0.0452914 0.0908823 0.277689 0.397343 0.350559 0.132377 0.0720839 0.0586157 0.0587889 0.0765569 0.1498 0.362456 0.240791 0.235565 0.244251 0.237972 0 
0.0319651 0.0427918 0.0800659 0.0520265 0.0346558 0.0251283 0.0221647 0.0223731 0.0254022 0.04723 0.112707 0.331936 0.114086 0.0487026 0.0314124 0.0257385 0.0226303 0.0231945 0.0785328 0.153165 0.354701 0.162624 0.082951 0.0564859 0.0477549 0.0449512 0.0485931 0.127709 0.122468 0.12331 0.142325 0 
0.135146 0.0594757 0.0378987 0.0333073 0.037603 0.0456823 0.0613335 0.0709408 0.0622202 0.0465387 0.0358186 0.0329782 0.0388908 0.0614453 0.124627 0.292256 0.36264 0.309879 0.179968 0.0952435 0.0708659 0.0721451 0.0989757 0.16925 0.328625 0.3777 0.342462 0.214886 0.221216 0.223097 0.212267 0 
0.0584595 0.0615471 0.0826415 0.0873019 0.0822148 0.0949537 0.14752 0.246502 0.199768 0.161538 0.163853 0.244204 0.206791 0.129048 0.0931455 0.0890016 0.0937627 0.0707934 0.217522 0.222807 0.306156 0.280935 0.209265 0.186612 0.231448 0.315175 0.261837 0.278728 0.279393 0.26626 0.265988 0 
0.187928 0.116216 0.180717 0.236326 0.2576 0.217865 0.13308 0.114941 0.109113 0.175713 0.109999 0.160264 0.185891 0.202506 0.176761 0.124625 0.110726 0.106963 0.341295 0.226042 0.322429 0.370338 0.380312 0.354721 0.255131 0.224699 0.21546 0.341197 0.343209 0.341404 0.344659 0 
0.0403976 0.086819 0.320648 0.326897 0.109769 0.0423252 0.0264959 0.0233147 0.0222583 0.0280807 0.0382253 0.0682686 0.0686729 0.0469423 0.0347707 0.0262211 0.0245163 0.0252815 0.0683373 0.124427 0.344354 0.350682 0.155159 0.0769426 0.0527067 0.0477825 0.0475072 0.165603 0.154757 0.152591 0.168107 0 
0.0960713 0.0379667 0.0251884 0.0221147 0.0247394 0.0324422 0.0737082 0.306785 0.28514 0.104037 0.0416868 0.0263262 0.0231696 0.0269309 0.0361653 0.0853576 0.318584 0.280695 0.197444 0.0796293 0.0515081 0.045163 0.0516365 0.0685907 0.158613 0.393643 0.388502 0.214944 0.221322 0.221746 0.212714 0 
0.130069 0.110627 0.0992025 0.0914635 0.100449 0.0886554 0.0847244 0.0865894 0.0941194 0.110231 0.0976021 0.0919741 0.0933589 0.105204 0.0977893 0.0968116 0.0976851 0.10963 0.222456 0.199281 0.184814 0.180158 0.196202 0.180385 0.17707 0.178873 0.194981 0.10174 0.106645 0.316861 0.316761 0 
0.0355882 0.0228663 0.0191051 0.0182223 0.0225708 0.0314524 0.0836314 0.373203 0.312192 0.0879797 0.0348077 0.0251647 0.0228851 0.0283154 0.0332051 0.0492654 0.0782262 0.057051 0.123291 0.0576271 0.044261 0.041082 0.0508052 0.0645878 0.132348 0.3852 0.33612 0.153995 0.165504 0.159619 0.150546 0 
0.0281729 0.0214616 0.0279964 0.037165 0.0711804 0.0566148 0.0313863 0.0242789 0.0203043 0.0280928 0.0232213 0.0305935 0.041696 0.0839089 0.0678286 0.0393036 0.0288102 0.0224805 0.0556544 0.0446725 0.0585065 0.0785404 0.148502 0.122267 0.0705594 0.0529895 0.0427795 0.0747171 0.0874877 0.0757436 0.0847229 0 
0.133331 0.0914226 0.0598018 0.0444614 0.0445404 0.0408446 0.0479915 0.0709636 0.121128 0.194195 0.144731 0.0912715 0.0579982 0.0511482 0.0413095 0.0432715 0.0584165 0.0914442 0.266587 0.216776 0.147601 0.102051 0.0947391 0.0818813 0.0911056 0.127934 0.19937 0.0808722 0.0844769 0.250179 0.257758 0 
0.0326849 0.0283899 0.0350439 0.0566437 0.140198 0.127177 0.0524351 0.0322264 0.0261379 0.0295432 0.0284841 0.0387256 0.068659 0.184618 0.177403 0.067338 0.038311 0.0292176 0.0617542 0.0568428 0.0737029 0.123997 0.27203 0.261867 0.118935 0.070473 0.0553248 0.197176 0.0818878 0.200148 0.0832788 0 
0.0386133 0.0408712 0.0580292 0.117763 0.350671 0.326913 0.1358 0.0616249 0.0402466 0.0347875 0.0376701 0.0526483 0.0987093 0.271101 0.310342 0.160966 0.0728101 0.0458094 0.0734008 0.0785413 0.110663 0.216061 0.398488 0.397849 0.290115 0.13438 0.0860542 0.264778 0.265497 0.266641 0.266264 0 
0.358853 0.346934 0.0680557 0.0266628 0.0206099 0.0169285 0.0159865 0.0201223 0.0326333 0.0746469 0.0623213 0.0304401 0.0197947 0.0180403 0.017731 0.0182386 0.0277777 0.0796513 0.372606 0.363503 0.098444 0.046453 0.038648 0.0346557 0.034224 0.0479 0.112265 0.149246 0.147789 0.144258 0.150511 0 
0.0505482 0.0766767 0.207644 0.305199 0.248543 0.105308 0.0553928 0.0388075 0.0358821 0.0465416 0.0712239 0.189336 0.315966 0.289089 0.124604 0.0612277 0.04401 0.0392212 0.0970695 0.147797 0.346712 0.396639 0.390788 0.228042 0.116605 0.0828174 0.0751023 0.276527 0.267006 0.26981 0.273336 0 
0.0144039 0.0144721 0.0226892 0.0599988 0.353327 0.15263 0.0284919 0.0156572 0.0114853 0.0132005 0.0112117 0.0164286 0.0277855 0.0840412 0.0555831 0.0227849 0.0144906 0.0115217 0.0275963 0.0256819 0.0391136 0.0876987 0.36848 0.203518 0.0512656 0.0301342 0.0230065 0.11011 0.109635 0.107703 0.111046 0 
0.114177 0.110235 0.099346 0.130372 0.314012 0.241408 0.0805937 0.0639513 0.0666314 0.0866604 0.0883995 0.085631 0.112077 0.29492 0.282941 0.0937152 0.0752117 0.0799727 0.200189 0.197319 0.184642 0.240917 0.396113 0.386341 0.174191 0.139118 0.146473 0.284134 0.281958 0.287513 0.287301 0 
0.0115791 0.0109107 0.0155336 0.0414844 0.376145 0.369573 0.0371258 0.0148942 0.0105121 0.0107436 0.00956582 0.012684 0.0205477 0.0644551 0.0584756 0.0196633 0.0116632 0.00912525 0.0223204 0.0204765 0.0282163 0.0620315 0.385943 0.381933 0.0567891 0.0265574 0.0196373 0.12957 0.130955 0.129259 0.130956 0 
0.08868 0.0785968 0.0833228 0.0888249 0.101403 0.0977505 0.106674 0.146675 0.217833 0.287141 0.284614 0.290865 0.285381 0.244392 0.139317 0.103267 0.0914864 0.0875442 0.343558 0.33815 0.344835 0.345093 0.323676 0.233506 0.20831 0.234634 0.293539 0.34372 0.333261 0.32575 0.328392 0 
0.0210449 0.0237122 0.0412029 0.101497 0.360305 0.367854 0.146992 0.0529208 0.0284307 0.0226067 0.0176785 0.0201148 0.0281793 0.0514144 0.0524982 0.0366045 0.024501 0.0184983 0.0436497 0.0413906 0.0613175 0.129657 0.37306 0.37754 0.183026 0.0773992 0.046929 0.164658 0.169268 0.165225 0.168371 0 
0.0834254 0.100513 0.108605 0.220614 0.281578 0.213022 0.115171 0.0989211 0.086707 0.0864388 0.102424 0.113989 0.242869 0.290633 0.191223 0.108385 0.0973661 0.0821379 0.169736 0.202258 0.222451 0.381941 0.396101 0.356731 0.22329 0.195979 0.168778 0.309906 0.309037 0.308435 0.309584 0 
0.216603 0.0841472 0.0653431 0.0798811 0.24495 0.261334 0.0922814 0.0744749 0.093534 0.240858 0.0964503 0.0745268 0.0894283 0.259408 0.258328 0.0932487 0.0737767 0.0918748 0.370493 0.179396 0.139696 0.168847 0.380785 0.383724 0.184511 0.148015 0.184443 0.296211 0.289388 0.297747 0.290652 0 
0.332673 0.125559 0.0778602 0.0615561 0.0640344 0.059768 0.0559501 0.0650484 0.0877426 0.102873 0.0731778 0.0648667 0.0629377 0.0717669 0.0740816 0.0832402 0.123418 0.305144 0.367157 0.197315 0.142133 0.124223 0.135433 0.133511 0.138706 0.187378 0.34753 0.22076 0.218598 0.231101 0.221286 0 
0.085373 0.0899747 0.111226 0.164588 0.183513 0.1863 0.161771 0.136895 0.0892085 0.081806 0.0928514 0.125718 0.226839 0.283916 0.290705 0.239866 0.177064 0.103427 0.167118 0.182674 0.235988 0.357497 0.382874 0.385618 0.360592 0.304143 0.19254 0.334444 0.333738 0.334028 0.332342 0 
0.0633384 0.0674422 0.0831061 0.105371 0.177219 0.330127 0.316059 0.12963 0.0823806 0.0672551 0.0651008 0.0791364 0.0872127 0.107727 0.13158 0.120837 0.0868085 0.0701704 0.130531 0.132319 0.161197 0.191798 0.275802 0.37584 0.36901 0.215299 0.152264 0.250679 0.263134 0.25254 0.25682 0 
0.15085 0.086588 0.0735293 0.0778469 0.140041 0.228932 0.214986 0.166457 0.138024 0.207781 0.100686 0.0833814 0.0885356 0.152733 0.225701 0.203217 0.140859 0.112986 0.331282 0.186762 0.156834 0.166298 0.283551 0.370556 0.361612 0.295807 0.247749 0.307423 0.309079 0.303868 0.302034 0 
0.092106 0.0500102 0.0363943 0.0267035 0.0323361 0.027303 0.0270708 0.0372117 0.0498816 0.0951439 0.0558142 0.03784 0.0287923 0.0348097 0.0292295 0.0299352 0.0400277 0.0544715 0.174552 0.105017 0.0740711 0.0554878 0.0663055 0.056422 0.0569327 0.0768306 0.103549 0.0921791 0.091715 0.0941763 0.0920167 0 
0.0816165 0.074696 0.0776507 0.10626 0.345014 0.345366 0.112568 0.0768328 0.0735631 0.081763 0.0659367 0.0589277 0.0631284 0.103146 0.101868 0.0621132 0.0567754 0.0646461 0.163087 0.140326 0.13642 0.169063 0.376617 0.376934 0.174357 0.13347 0.137712 0.223061 0.238065 0.22217 0.236813 0 
0.345818 0.304321 0.118468 0.084956 0.0920789 0.0904627 0.067799 0.0619082 0.0650143 0.0943456 0.0827183 0.0635702 0.0651519 0.0827712 0.0971803 0.0854691 0.0912441 0.138062 0.373525 0.345665 0.181424 0.149692 0.17385 0.184945 0.152389 0.152609 0.201639 0.23359 0.234165 0.241417 0.2484 0 
0.0939134 0.0969206 0.107672 0.129362 0.171076 0.171263 0.170097 0.146725 0.121282 0.102547 0.0894756 0.084649 0.0909152 0.110151 0.106712 0.10494 0.0986244 0.0950709 0.194785 0.185417 0.191305 0.217733 0.269387 0.267274 0.264728 0.239994 0.213746 0.285764 0.196996 0.297196 0.205928 0 
0.0256968 0.0190407 0.0194613 0.022467 0.0379919 0.0906062 0.333841 0.339336 0.0731802 0.0319815 0.0214303 0.0211033 0.0247785 0.0340786 0.0482753 0.0930397 0.0958975 0.0370688 0.0575926 0.0404145 0.040553 0.0471159 0.0719262 0.138261 0.36308 0.365527 0.110042 0.155234 0.168315 0.164968 0.156958 0 
0.0809689 0.0642269 0.0641422 0.0745004 0.115064 0.186558 0.309792 0.286748 0.118611 0.0708235 0.0524828 0.0501436 0.0567925 0.0766069 0.101682 0.16025 0.213565 0.122459 0.15164 0.116658 0.114233 0.131197 0.190829 0.277217 0.37595 0.379269 0.236966 0.251563 0.264837 0.260555 0.262678 0 
0.0542416 0.0476434 0.0493404 0.0583022 0.0800803 0.0870036 0.0783691 0.0626881 0.0510272 0.0504637 0.0562754 0.0737921 0.115679 0.198246 0.24856 0.181793 0.110479 0.0713356 0.104446 0.103769 0.122647 0.171276 0.256494 0.296123 0.245082 0.170496 0.121874 0.255235 0.127085 0.27317 0.134256 0 
0.342694 0.368799 0.323668 0.104597 0.0524058 0.0320433 0.0267313 0.0313672 0.0418943 0.0636293 0.0604059 0.0584744 0.0417613 0.0331986 0.0310551 0.0323937 0.0503362 0.123515 0.366646 0.380733 0.350576 0.145974 0.0855882 0.0630812 0.0591191 0.0816285 0.164612 0.211244 0.208984 0.213915 0.223317 0 
0.0189974 0.0154388 0.0172445 0.0259514 0.0769227 0.300491 0.300511 0.0686465 0.0274787 0.0204767 0.0157416 0.0184517 0.0290887 0.0836073 0.309785 0.289432 0.0624934 0.025424 0.0394652 0.0311776 0.0356253 0.0550385 0.160353 0.391682 0.390183 0.130927 0.0528997 0.197329 0.205369 0.202632 0.198961 0 
0.0266809 0.0376501 0.0905148 0.334328 0.326398 0.098217 0.0355669 0.0227998 0.0191987 0.0221162 0.0262002 0.0401305 0.0660222 0.0714277 0.0452692 0.0278462 0.0219714 0.0210921 0.0487209 0.0638353 0.130012 0.355481 0.350475 0.142945 0.063394 0.0447656 0.0402746 0.159135 0.154034 0.153365 0.162043 0 
0.329671 0.25678 0.148351 0.122781 0.115864 0.101734 0.099106 0.106206 0.109608 0.113667 0.106128 0.0936018 0.102943 0.117681 0.131867 0.160838 0.21894 0.310755 0.379269 0.337813 0.239763 0.224218 0.230501 0.231389 0.255311 0.308774 0.369742 0.316399 0.319146 0.330836 0.328328 0 
0.0224011 0.0305293 0.0597317 0.0597697 0.042892 0.0286855 0.0189032 0.0172106 0.0190685 0.0314236 0.0735913 0.334123 0.360024 0.145558 0.0468961 0.0264493 0.0184885 0.0175244 0.0537394 0.103987 0.354128 0.374281 0.186093 0.0755082 0.0453524 0.035691 0.0365928 0.162028 0.154992 0.154508 0.166401 0 
0.0253215 0.0291726 0.050975 0.123812 0.307614 0.290556 0.0859192 0.0413322 0.0302419 0.0318864 0.0401648 0.0788683 0.269935 0.338715 0.178069 0.0608126 0.0330224 0.0247818 0.0572013 0.0693328 0.129834 0.350822 0.395981 0.37597 0.146635 0.0743499 0.0550233 0.244643 0.239222 0.239477 0.238876 0 
0.106839 0.137463 0.157963 0.114131 0.128338 0.150433 0.144489 0.111446 0.098076 0.110303 0.157996 0.20744 0.143212 0.179033 0.245114 0.227312 0.137947 0.106083 0.216552 0.287661 0.340431 0.255525 0.298677 0.356988 0.344489 0.247383 0.203887 0.317148 0.309063 0.317973 0.311444 0 
0.037882 0.0323189 0.0356781 0.0465453 0.0553969 0.0548952 0.0514028 0.0409404 0.0356322 0.0405983 0.0596179 0.115172 0.29145 0.366969 0.36265 0.295944 0.11733 0.0578366 0.0784457 0.0919099 0.150651 0.325337 0.380067 0.3768 0.331067 0.157927 0.0934452 0.248423 0.246432 0.24805 0.24621 0 
0.0525752 0.0306557 0.02631 0.0284405 0.0403383 0.0577307 0.0589787 0.0553326 0.0359964 0.0282611 0.0244545 0.0291618 0.0470326 0.120707 0.317505 0.365447 0.320664 0.114937 0.080766 0.0551103 0.0554718 0.0754688 0.160568 0.345494 0.376433 0.344857 0.150286 0.202474 0.214563 0.208086 0.201959 0 
0.230048 0.115373 0.201665 0.151056 0.0650052 0.0392195 0.0325621 0.0392522 0.0860501 0.304859 0.116193 0.161597 0.11922 0.0564623 0.0369043 0.031554 0.0372493 0.0693816 0.382078 0.226288 0.317381 0.255985 0.121431 0.0760874 0.0641133 0.0764738 0.154594 0.227505 0.22331 0.220958 0.220895 0 
0.0713821 0.054727 0.0384697 0.0282535 0.0265344 0.0312908 0.0473848 0.112973 0.317458 0.380866 0.32374 0.115407 0.051176 0.0342215 0.027336 0.0310533 0.0427383 0.0601717 0.388571 0.350313 0.153457 0.0794238 0.0607387 0.0586067 0.0784304 0.155257 0.347915 0.214433 0.214742 0.209268 0.207802 0 
0.0403143 0.0358337 0.0421754 0.0658875 0.148333 0.238073 0.294449 0.270112 0.0931685 0.0597749 0.0496233 0.0599444 0.106944 0.274356 0.289035 0.162693 0.111109 0.0542308 0.100087 0.0854504 0.102102 0.172438 0.36004 0.384838 0.37046 0.34453 0.147173 0.285136 0.283811 0.284685 0.275869 0 
0.0394158 0.0556421 0.0673057 0.0623595 0.0407892 0.0282102 0.0255442 0.0302423 0.0471556 0.112739 0.305639 0.370454 0.306107 0.117174 0.0461214 0.0309797 0.0251714 0.0269224 0.151678 0.337025 0.381776 0.339437 0.156985 0.0742705 0.0565176 0.0554086 0.0740762 0.209453 0.200925 0.199796 0.209106 0 
0.357226 0.0600264 0.0216802 0.013896 0.0139201 0.01448 0.0172878 0.0348931 0.197663 0.350934 0.0609347 0.0215315 0.0140903 0.0145597 0.0153893 0.0191041 0.038634 0.222523 0.398323 0.12094 0.0432084 0.0279849 0.0284798 0.0298676 0.0363789 0.0735231 0.35298 0.174427 0.175878 0.175847 0.175652 0 
0.153817 0.151494 0.146576 0.0911564 0.0735495 0.0631356 0.0670498 0.0956592 0.19243 0.311876 0.31933 0.267818 0.116656 0.0764707 0.0610762 0.0613535 0.0793262 0.116524 0.377384 0.379689 0.360533 0.206853 0.14984 0.124149 0.128388 0.174731 0.296334 0.296289 0.288536 0.284764 0.283125 0 
0.0398151 0.0730966 0.0667908 0.0329038 0.02266 0.0175558 0.0168254 0.0200538 0.0335408 0.109397 0.351505 0.329744 0.0723679 0.0305681 0.02046 0.0174859 0.0193605 0.02426 0.148339 0.369142 0.351036 0.105016 0.0532187 0.0379868 0.034306 0.0393676 0.0577645 0.156617 0.146747 0.150486 0.158211 0 
0.21499 0.213295 0.191346 0.160093 0.19497 0.164897 0.097369 0.0924052 0.113234 0.209895 0.210274 0.190634 0.163798 0.214417 0.184964 0.102633 0.0995361 0.119367 0.369402 0.371072 0.346654 0.308665 0.35998 0.329174 0.199845 0.191767 0.231673 0.347361 0.343399 0.347714 0.346554 0 
0.0999139 0.333 0.358753 0.0771451 0.0311386 0.0211268 0.0160821 0.0174929 0.0204641 0.0321595 0.0524302 0.0582259 0.0376908 0.0274021 0.0231844 0.0203224 0.0233871 0.0355256 0.131463 0.350462 0.371486 0.114196 0.0584528 0.044191 0.0363951 0.0408731 0.0559365 0.154777 0.144283 0.147741 0.159157 0 
0.027094 0.0194637 0.0198548 0.0236649 0.0371672 0.068959 0.138744 0.0676857 0.031542 0.0255419 0.0203443 0.0223665 0.0283553 0.0556564 0.150766 0.303928 0.119695 0.041583 0.0525513 0.0396277 0.0421314 0.0520078 0.0924769 0.211509 0.345845 0.182443 0.0729871 0.135257 0.1468 0.146452 0.138308 0 
0.101543 0.0490011 0.0418028 0.0574044 0.323489 0.261964 0.0543654 0.0441258 0.0583261 0.108995 0.0536203 0.0442271 0.0580934 0.315148 0.244014 0.0530652 0.0443767 0.0562215 0.208673 0.102577 0.0859993 0.115498 0.395929 0.378795 0.107417 0.0884955 0.114287 0.232084 0.23349 0.2299 0.233079 0 
0.0556765 0.0323301 0.0247802 0.0220803 0.0273056 0.0340354 0.0543909 0.135775 0.288815 0.165203 0.0552467 0.0330966 0.0248876 0.0260954 0.0274475 0.0336767 0.0529284 0.0801815 0.212727 0.0874867 0.057852 0.0469123 0.0532433 0.0613757 0.0877569 0.18481 0.321659 0.139976 0.149968 0.13382 0.129638 0 
0.0468102 0.0470258 0.0632887 0.093515 0.150271 0.243233 0.287702 0.21642 0.131595 0.116341 0.120944 0.178473 0.267624 0.256919 0.15832 0.0999206 0.0697857 0.0487955 0.162587 0.167557 0.23806 0.334913 0.354481 0.347962 0.34855 0.276407 0.179939 0.313609 0.308837 0.304081 0.297692 0 
0.0798301 0.0728054 0.0796325 0.084892 0.126134 0.124803 0.10575 0.0811514 0.0731181 0.0753819 0.0814992 0.104484 0.141193 0.316995 0.347355 0.283342 0.129518 0.09261 0.154935 0.154176 0.183713 0.225237 0.373864 0.384699 0.35243 0.210127 0.165465 0.284652 0.278469 0.289365 0.279103 0 
0.203894 0.326641 0.236913 0.0642885 0.0379554 0.0288459 0.028072 0.0384915 0.0830972 0.280269 0.32813 0.166485 0.0498594 0.0296046 0.0233691 0.0226093 0.031321 0.0606999 0.373777 0.396471 0.344161 0.114047 0.0675413 0.0522098 0.0506812 0.0697791 0.143702 0.240943 0.237574 0.237594 0.245801 0 
0.163073 0.278292 0.327144 0.331438 0.318873 0.202083 0.121514 0.0872317 0.0749058 0.0726898 0.0738953 0.0714439 0.0732133 0.0836605 0.0822166 0.0805647 0.0858205 0.104597 0.233269 0.333449 0.363167 0.365515 0.363885 0.275172 0.200837 0.172664 0.17911 0.307842 0.306231 0.307673 0.319287 0 
0.130783 0.264294 0.299774 0.180136 0.104551 0.058401 0.0426743 0.0377798 0.0446487 0.0666329 0.1223 0.23554 0.300622 0.231298 0.116247 0.0776886 0.0688749 0.0819439 0.19656 0.349168 0.386826 0.380228 0.315492 0.174342 0.120321 0.106635 0.126588 0.293987 0.283287 0.292744 0.291602 0 
0.080107 0.0457431 0.0335885 0.02886 0.0354615 0.0468086 0.0929359 0.315589 0.357004 0.309952 0.103555 0.0511589 0.0357358 0.035945 0.0369861 0.050283 0.0776317 0.0730574 0.3498 0.148954 0.0846284 0.0645704 0.0713007 0.0837571 0.142741 0.352343 0.374523 0.212189 0.223101 0.210557 0.207574 0 
0.0422063 0.0371718 0.0415683 0.0531506 0.0900088 0.132574 0.13532 0.102534 0.0691464 0.0564446 0.0406627 0.0369538 0.0421957 0.058689 0.0707344 0.065884 0.0562185 0.0426365 0.0980487 0.0777955 0.078446 0.0952076 0.14699 0.196322 0.194801 0.155738 0.111283 0.145784 0.12167 0.157469 0.128548 0 
0.330141 0.106563 0.0667934 0.0676451 0.125776 0.0983194 0.0491318 0.0497833 0.0734025 0.11369 0.06684 0.0637931 0.0894549 0.258287 0.239591 0.127877 0.136854 0.288934 0.372148 0.172482 0.130394 0.156402 0.338511 0.308765 0.17627 0.185541 0.334696 0.275815 0.273441 0.287271 0.27262 0 
0.0999744 0.119113 0.213087 0.199934 0.196807 0.162773 0.17544 0.196771 0.110743 0.0991551 0.113109 0.198149 0.196823 0.193288 0.160622 0.177657 0.195875 0.1133 0.199065 0.231637 0.368196 0.358421 0.354001 0.31015 0.331153 0.361277 0.22377 0.34423 0.343182 0.344965 0.345346 0 
0.0960655 0.0576577 0.0793084 0.0854981 0.313672 0.0956103 0.0544899 0.0638184 0.0489644 0.0830946 0.039807 0.0452893 0.0401157 0.110562 0.0466291 0.0374892 0.0475238 0.0475906 0.175183 0.097189 0.124077 0.12529 0.35173 0.141625 0.0919715 0.110807 0.0964146 0.164007 0.165367 0.163674 0.163701 0 
0.115802 0.0570746 0.0454339 0.0463976 0.0889515 0.0924132 0.0521474 0.0515716 0.0753968 0.181603 0.0980644 0.0846033 0.108893 0.340448 0.339585 0.0959666 0.0668196 0.0711044 0.279291 0.154663 0.129833 0.155065 0.369598 0.371954 0.147703 0.118336 0.146076 0.240537 0.233602 0.238232 0.236214 0 
0.0430589 0.032716 0.0362979 0.0457541 0.0693505 0.0637991 0.0482107 0.0384082 0.0339114 0.0433562 0.050637 0.0750338 0.124723 0.220749 0.222586 0.144083 0.0876221 0.0537041 0.0855924 0.0831851 0.110498 0.166454 0.256047 0.255709 0.185744 0.124882 0.0874832 0.0856566 0.252152 0.0868577 0.251322 0 
0.0603351 0.0408955 0.0468326 0.0826076 0.278689 0.27403 0.129104 0.0928343 0.0444658 0.0342555 0.026578 0.0305414 0.0433815 0.108275 0.162324 0.220495 0.265392 0.104168 0.0945054 0.0674735 0.077363 0.125792 0.33875 0.354816 0.3124 0.32651 0.148228 0.234477 0.243205 0.241805 0.244623 0 
0.0292748 0.0325296 0.0486515 0.108267 0.340249 0.377028 0.32102 0.110045 0.0478042 0.0329821 0.0262786 0.0300761 0.0419427 0.0742503 0.0788786 0.064409 0.042482 0.0304821 0.0622431 0.0587475 0.0787188 0.150162 0.368204 0.388078 0.354853 0.152286 0.0782713 0.215001 0.218328 0.217679 0.214783 0 
0.0667464 0.118887 0.279958 0.183044 0.139897 0.108029 0.0517404 0.0335735 0.029079 0.0370731 0.0507513 0.100161 0.119744 0.249115 0.277922 0.1099 0.0576708 0.0483082 0.103744 0.168925 0.338135 0.283792 0.333916 0.339158 0.160784 0.0911945 0.0773791 0.244386 0.238681 0.245602 0.24317 0 
0.161739 0.121336 0.110336 0.0892061 0.0727834 0.0630261 0.0676684 0.0889981 0.0993488 0.12091 0.161842 0.248197 0.257388 0.197719 0.163182 0.193385 0.271276 0.228682 0.27205 0.274171 0.331061 0.325289 0.264958 0.22471 0.257281 0.336658 0.311143 0.32337 0.316503 0.325332 0.315601 0 
0.107562 0.19338 0.195382 0.217678 0.241514 0.226739 0.150265 0.11923 0.131955 0.108975 0.185479 0.17697 0.196252 0.204397 0.190506 0.138227 0.111819 0.12437 0.216374 0.354534 0.34515 0.3668 0.37803 0.371954 0.28368 0.230541 0.254465 0.354061 0.356499 0.355189 0.358209 0 
0.0454906 0.0443553 0.057104 0.085544 0.186212 0.236686 0.104855 0.0722981 0.0523508 0.0477161 0.0499886 0.0679175 0.114842 0.335701 0.341581 0.117937 0.0708634 0.0501294 0.0932052 0.0943285 0.124947 0.200082 0.389682 0.394588 0.22212 0.143023 0.102471 0.249717 0.24305 0.247541 0.24094 0 
0.132169 0.0726788 0.0535114 0.0449689 0.0459022 0.0462175 0.0503188 0.0604933 0.0620798 0.0612626 0.0523835 0.0491483 0.051592 0.0673736 0.0903267 0.128604 0.18603 0.180769 0.188968 0.124624 0.102497 0.0964574 0.112887 0.135456 0.176073 0.23581 0.232266 0.154629 0.152617 0.191724 0.177879 0 
0.0314468 0.0285055 0.034385 0.0544449 0.131343 0.321152 0.360004 0.30624 0.112317 0.0548689 0.0356675 0.0319511 0.0370136 0.0516079 0.0686608 0.0664108 0.0589902 0.0386996 0.0862745 0.0641673 0.0662982 0.091427 0.181592 0.351909 0.374227 0.338759 0.150503 0.209322 0.224181 0.215365 0.210826 0 
0.0194194 0.018922 0.0263106 0.0428222 0.0599011 0.0503142 0.0290789 0.0209632 0.0185729 0.0239302 0.0356765 0.0805398 0.287251 0.38111 0.332927 0.0974495 0.0394804 0.0232641 0.043345 0.0545984 0.106837 0.315928 0.387935 0.355252 0.126494 0.0604307 0.0418285 0.18926 0.185249 0.186077 0.187961 0 
0.0703424 0.0674164 0.0754973 0.0760549 0.0637766 0.0529284 0.0558181 0.0724537 0.132554 0.301701 0.344086 0.342711 0.278706 0.136726 0.0694563 0.0511649 0.0470919 0.0490044 0.343169 0.368517 0.368535 0.330359 0.198661 0.122221 0.106869 0.11943 0.180737 0.280186 0.266488 0.263731 0.267916 0 
0.138286 0.19451 0.213254 0.192745 0.121154 0.142795 0.125796 0.167489 0.141819 0.142176 0.202672 0.226626 0.19527 0.118084 0.141334 0.124308 0.166877 0.134197 0.276875 0.362174 0.376042 0.354197 0.238991 0.279928 0.248898 0.32181 0.272557 0.341783 0.339748 0.340554 0.339974 0 
0.00834638 0.0063449 0.00964004 0.029079 0.368177 0.104015 0.0129142 0.00719662 0.00568198 0.00711691 0.00602613 0.00919999 0.0282887 0.371554 0.105138 0.0133994 0.00774296 0.00637656 0.0154633 0.012371 0.01884 0.0573677 0.399074 0.208263 0.0263122 0.0149353 0.0120584 0.129909 0.130792 0.129 0.131772 0 
0.119023 0.0614038 0.0508083 0.055006 0.0972219 0.0846844 0.0537736 0.0602149 0.0631743 0.0603421 0.0531621 0.0614359 0.103911 0.275833 0.271567 0.153872 0.247796 0.237978 0.178139 0.114489 0.112141 0.157508 0.332681 0.321325 0.205406 0.292792 0.286748 0.245637 0.251592 0.254486 0.243508 0 
0.0597358 0.0848699 0.111881 0.0989558 0.195609 0.270431 0.129713 0.0807025 0.0786983 0.140323 0.262338 0.279227 0.119594 0.115222 0.103053 0.0553911 0.042909 0.0412733 0.197543 0.321379 0.341446 0.214881 0.285729 0.334144 0.182765 0.123507 0.119884 0.27377 0.272955 0.261192 0.262127 0 
0.0986875 0.0816942 0.079104 0.0853272 0.126048 0.147527 0.174746 0.206603 0.169401 0.116685 0.105726 0.111692 0.131419 0.232112 0.28778 0.283598 0.232719 0.151344 0.214591 0.18714 0.190468 0.216351 0.33559 0.37298 0.379958 0.37307 0.308411 0.335598 0.330347 0.336819 0.327627 0 
0.019811 0.0186256 0.0251496 0.046387 0.153624 0.328036 0.29043 0.0752231 0.0358781 0.0300701 0.0291374 0.0398159 0.0893148 0.306372 0.263278 0.0893936 0.0353413 0.021206 0.0498759 0.047763 0.0649498 0.135403 0.372971 0.391124 0.344064 0.110562 0.0570759 0.226767 0.225674 0.223091 0.218758 0 
0.0269846 0.0241828 0.0297335 0.052504 0.197518 0.325528 0.115585 0.0423956 0.0270309 0.0238775 0.0214116 0.0271374 0.045392 0.153561 0.330587 0.151805 0.049007 0.0286867 0.0508583 0.0455944 0.0568698 0.0978839 0.320947 0.395602 0.260452 0.09137 0.055713 0.196825 0.197308 0.199773 0.194708 0 
0.347911 0.333569 0.290124 0.133512 0.0803867 0.0571149 0.0522994 0.0576083 0.0638796 0.0701213 0.063314 0.0674801 0.0601316 0.0581522 0.0661692 0.0935387 0.175907 0.303994 0.371106 0.360833 0.333666 0.19242 0.138413 0.123246 0.145601 0.229634 0.343673 0.273937 0.272939 0.285866 0.286932 0 
0.0196678 0.0229438 0.0402421 0.125787 0.329745 0.135497 0.0403471 0.0220987 0.0167444 0.0181693 0.0210049 0.0373497 0.110237 0.340713 0.147134 0.0408934 0.0227955 0.0176397 0.0378368 0.0439486 0.077458 0.232573 0.396113 0.273043 0.0812198 0.0448898 0.0343841 0.177977 0.177502 0.175397 0.180466 0 
0.0957976 0.0661469 0.0592706 0.0662671 0.0934081 0.170407 0.259 0.277392 0.17697 0.0927571 0.0669677 0.0607971 0.0699885 0.097143 0.188663 0.296413 0.306977 0.186951 0.18819 0.133063 0.119987 0.136176 0.190167 0.331734 0.393336 0.395165 0.335273 0.307561 0.311604 0.315291 0.305944 0 
0.149394 0.17386 0.191072 0.185235 0.178811 0.122105 0.194357 0.117796 0.14901 0.150834 0.18202 0.200789 0.188478 0.180163 0.122624 0.186998 0.114395 0.14965 0.294951 0.337863 0.358077 0.347218 0.339345 0.244471 0.359903 0.231948 0.292868 0.34681 0.346728 0.345389 0.345853 0 
0.229783 0.102925 0.0851113 0.114854 0.122908 0.0709324 0.0462712 0.0497819 0.0783886 0.172744 0.107005 0.131258 0.289664 0.292287 0.119515 0.0740775 0.0709504 0.113123 0.345835 0.206756 0.213568 0.351615 0.352521 0.189167 0.120314 0.120649 0.188818 0.277996 0.263243 0.269364 0.26022 0 
0.0468408 0.0557158 0.0805157 0.134342 0.228977 0.226635 0.136382 0.0810563 0.0565952 0.0465386 0.0454891 0.0551371 0.0713762 0.0994723 0.0973799 0.0700754 0.0529554 0.0459716 0.0931198 0.101087 0.134633 0.199405 0.285441 0.284099 0.200206 0.133184 0.10239 0.267405 0.120076 0.264852 0.116735 0 
0.0762759 0.0932673 0.143316 0.128214 0.0956976 0.0742823 0.0610884 0.0591163 0.0629386 0.0830272 0.126232 0.316649 0.303633 0.154197 0.0973506 0.0777 0.0685211 0.0660241 0.158714 0.217569 0.373793 0.364066 0.24458 0.171116 0.138227 0.127339 0.128742 0.258588 0.240803 0.245701 0.23897 0 
0.0185189 0.0154165 0.0162156 0.0262541 0.144317 0.351752 0.0620832 0.0246929 0.018438 0.0205253 0.0168658 0.019191 0.0259662 0.0604034 0.081702 0.0320485 0.0191949 0.0156386 0.0390168 0.0322464 0.0353683 0.0522168 0.199909 0.368603 0.0939735 0.0438615 0.0340747 0.112956 0.115614 0.115371 0.112949 0 
0.304469 0.327749 0.33133 0.29374 0.180286 0.102436 0.0782997 0.0732577 0.0763182 0.0823308 0.0728082 0.0737848 0.0764338 0.0761216 0.0697787 0.077808 0.11639 0.191055 0.353292 0.363312 0.365834 0.344492 0.251737 0.171656 0.155934 0.188501 0.26189 0.303264 0.302124 0.305619 0.316704 0 
0.0490004 0.0374666 0.0383628 0.0462937 0.096912 0.112809 0.116984 0.290551 0.22817 0.111648 0.0685135 0.0655558 0.0998876 0.238577 0.22674 0.106799 0.100988 0.0697819 0.159875 0.10596 0.103847 0.145459 0.306161 0.30738 0.21971 0.341651 0.281829 0.249748 0.254163 0.244979 0.243428 0 
0.338076 0.232737 0.121898 0.0745504 0.0584587 0.051516 0.0585844 0.0690775 0.0654723 0.0709151 0.0610999 0.0564777 0.0545901 0.0674056 0.0920793 0.175564 0.322777 0.342605 0.365757 0.284217 0.177562 0.128985 0.125757 0.143387 0.230741 0.357541 0.366771 0.268507 0.269519 0.28072 0.272017 0 
0.0769884 0.0691781 0.0601571 0.0578058 0.0688354 0.1021 0.193096 0.309707 0.332945 0.340587 0.244761 0.112189 0.0698108 0.0608518 0.0597094 0.0691343 0.0787116 0.0729887 0.369781 0.30075 0.171759 0.127535 0.129558 0.161362 0.255731 0.352629 0.363048 0.282399 0.29128 0.274984 0.273058 0 
0.323119 0.163002 0.079861 0.0719922 0.129563 0.130734 0.0719648 0.0659036 0.107487 0.322154 0.166128 0.0843546 0.0790405 0.145634 0.147543 0.0767554 0.0716168 0.1118 0.397261 0.304512 0.163891 0.150927 0.26655 0.26731 0.148412 0.13745 0.218029 0.281366 0.275491 0.277614 0.272682 0 
0.0941103 0.0644618 0.0484168 0.0474454 0.0812041 0.0898048 0.0583137 0.0611346 0.098122 0.311183 0.289465 0.167745 0.148845 0.26932 0.22324 0.0853012 0.0597853 0.0616133 0.353759 0.328302 0.213109 0.194311 0.320015 0.291235 0.142894 0.120696 0.159125 0.279106 0.261735 0.261958 0.262337 0 
0.0423546 0.0388528 0.0488733 0.0789845 0.207373 0.311504 0.223501 0.0889132 0.049912 0.039265 0.0370123 0.0474339 0.079764 0.199251 0.339851 0.295376 0.110971 0.0549208 0.0816038 0.0758595 0.0963072 0.158723 0.354619 0.398316 0.389552 0.199214 0.104832 0.267673 0.272116 0.272888 0.268765 0 
0.335203 0.200848 0.065173 0.0339349 0.0284537 0.0283733 0.0364887 0.0770853 0.281899 0.351163 0.125563 0.0414084 0.0238735 0.0201864 0.0190619 0.0232313 0.0413576 0.124393 0.398061 0.307827 0.106558 0.0578083 0.0486401 0.0474346 0.05972 0.11844 0.3572 0.216613 0.223934 0.214094 0.221075 0 
0.0193958 0.0238646 0.0603954 0.300999 0.304601 0.081033 0.0280771 0.0183836 0.0156013 0.0186079 0.0251454 0.0645841 0.305862 0.316916 0.0824272 0.0288399 0.0185869 0.015618 0.0380029 0.0490099 0.12487 0.394599 0.393565 0.163206 0.0569015 0.0368929 0.0312193 0.20698 0.201027 0.201811 0.2052 0 
0.0481254 0.0723837 0.138411 0.300547 0.365363 0.358913 0.292177 0.13043 0.0704297 0.045454 0.0381992 0.0399706 0.0459206 0.0534828 0.0518386 0.0500177 0.04308 0.0410089 0.0935593 0.11054 0.177887 0.331325 0.37891 0.373929 0.326366 0.173122 0.111411 0.254153 0.261357 0.253846 0.261003 0 
0.0173802 0.0117511 0.0156232 0.027304 0.0798652 0.0514368 0.0208469 0.0143039 0.0125717 0.0185316 0.0160668 0.023858 0.0601194 0.349277 0.146329 0.0276811 0.0173009 0.0127119 0.0358775 0.0278148 0.0394691 0.0872853 0.364068 0.192836 0.0485279 0.0315902 0.0252606 0.101626 0.115432 0.099943 0.118078 0 
0.0799974 0.0937598 0.0940274 0.0755324 0.0684921 0.059904 0.0596867 0.0688609 0.0909503 0.147729 0.253336 0.253846 0.142703 0.104943 0.0798495 0.0681139 0.0643103 0.0666101 0.223275 0.3144 0.314859 0.214526 0.172036 0.13935 0.12752 0.132735 0.156958 0.221644 0.217943 0.218541 0.224639 0 
0.191123 0.120755 0.077509 0.059957 0.0691317 0.0766138 0.0663686 0.0525191 0.0619222 0.105505 0.0835626 0.0716227 0.0795616 0.13731 0.2998 0.278581 0.139455 0.133891 0.275779 0.199108 0.148508 0.139326 0.203953 0.339765 0.321391 0.190462 0.193401 0.243336 0.24394 0.259006 0.246103 0 
0.0650575 0.054934 0.0593023 0.082236 0.167659 0.287692 0.32205 0.32303 0.307897 0.248135 0.112526 0.07118 0.0602755 0.0675388 0.0642432 0.0572317 0.0564322 0.0565176 0.297305 0.166964 0.130358 0.142205 0.22922 0.329782 0.351781 0.351283 0.34075 0.285531 0.304249 0.285996 0.285726 0 
0.108943 0.0909077 0.105933 0.19419 0.268619 0.137146 0.0873244 0.0831532 0.122909 0.290685 0.164826 0.111259 0.119726 0.131486 0.07682 0.0526267 0.0506021 0.0606329 0.350178 0.247398 0.213808 0.292538 0.347015 0.211365 0.139844 0.133585 0.182227 0.2681 0.277327 0.254765 0.26413 0 
0.112987 0.0668136 0.05224 0.0583082 0.0922915 0.106031 0.088912 0.12559 0.258125 0.303544 0.153407 0.114667 0.139906 0.268984 0.25934 0.119682 0.100018 0.115089 0.359992 0.217755 0.16625 0.197217 0.330121 0.330826 0.206094 0.221737 0.338314 0.311703 0.297474 0.296613 0.289652 0 
0.0252966 0.027847 0.0420097 0.0906861 0.350991 0.337428 0.0791047 0.0384089 0.0269361 0.0259392 0.0289131 0.0421692 0.0770956 0.196284 0.158607 0.0613237 0.0350552 0.0253742 0.0512357 0.05676 0.0841441 0.167652 0.391905 0.384575 0.140409 0.0734495 0.0523104 0.196433 0.196973 0.196015 0.197562 0 
0.238134 0.285149 0.248858 0.198184 0.224291 0.242082 0.227687 0.184292 0.145364 0.128469 0.0964791 0.0816249 0.0678069 0.0740096 0.0879174 0.0960478 0.113278 0.154681 0.335051 0.351598 0.315185 0.261137 0.288429 0.313152 0.308952 0.285819 0.288435 0.330653 0.344461 0.334391 0.354893 0 
0.207259 0.108682 0.0924087 0.0970815 0.138454 0.182569 0.213456 0.232602 0.208031 0.183044 0.103867 0.0897184 0.096609 0.137616 0.181815 0.220782 0.250066 0.229527 0.354608 0.212118 0.181994 0.193415 0.269824 0.337274 0.369579 0.385 0.373785 0.347543 0.349976 0.353572 0.350657 0 
0.216356 0.187254 0.176544 0.16522 0.173892 0.175105 0.157321 0.172916 0.190937 0.219935 0.207714 0.207163 0.195682 0.219306 0.219039 0.189135 0.194655 0.197918 0.368767 0.354371 0.346064 0.331796 0.349377 0.351453 0.323253 0.337072 0.350754 0.41315 0.407766 0.409238 0.403763 0 
0.0797151 0.101599 0.164557 0.218039 0.236856 0.214345 0.21026 0.103889 0.0879103 0.0863004 0.109584 0.189857 0.225709 0.198157 0.169252 0.166234 0.096107 0.0852805 0.166013 0.211014 0.335065 0.378591 0.372699 0.349216 0.350954 0.199948 0.173165 0.324685 0.323218 0.323454 0.321998 0 
0.0721795 0.130124 0.280995 0.33563 0.359138 0.31956 0.138853 0.0756634 0.053903 0.0494317 0.0526145 0.0690379 0.0682955 0.0739462 0.0694595 0.0521633 0.0458432 0.0501975 0.121455 0.182036 0.328906 0.36381 0.378914 0.356348 0.190245 0.121399 0.104035 0.269549 0.270412 0.265861 0.276997 0 
0.342549 0.0776506 0.0274238 0.0164794 0.0157535 0.0154868 0.0171044 0.0276279 0.0563845 0.0723028 0.0346325 0.0207116 0.0162098 0.019344 0.0212861 0.0279395 0.0715712 0.339843 0.360279 0.112178 0.0481203 0.0326867 0.0350805 0.0367658 0.0450405 0.0990826 0.355976 0.140925 0.144159 0.146569 0.143593 0 
0.1332 0.0550857 0.0353937 0.0324364 0.0382884 0.0510089 0.0781571 0.116727 0.143757 0.31238 0.122949 0.0622199 0.0525095 0.0698755 0.110692 0.209653 0.257513 0.132658 0.365748 0.176348 0.0975255 0.0849432 0.108034 0.160629 0.273373 0.329103 0.259756 0.240286 0.238093 0.239182 0.232078 0 
0.0731459 0.0858123 0.128877 0.286852 0.322571 0.159578 0.102684 0.0808083 0.0663055 0.0658992 0.0686585 0.0879896 0.122896 0.139976 0.0973923 0.0824178 0.0733718 0.0654436 0.138872 0.154235 0.215387 0.354884 0.375377 0.252858 0.184549 0.153627 0.131556 0.253428 0.245319 0.248351 0.247874 0 
0.0135318 0.0111196 0.0148901 0.0353792 0.33311 0.345395 0.0318047 0.0120318 0.00888255 0.0101482 0.00849348 0.0107713 0.0210184 0.163621 0.339115 0.040112 0.0161939 0.0118262 0.0236768 0.0196131 0.0256614 0.0563976 0.384709 0.397966 0.0719165 0.0282257 0.0207088 0.168004 0.167406 0.169335 0.168146 0 
0.369436 0.0315255 0.00996967 0.00664153 0.0079739 0.00807871 0.0065542 0.00965085 0.0348186 0.373525 0.0311878 0.00941651 0.00622568 0.00787946 0.00752535 0.006529 0.0103565 0.0360001 0.399069 0.0627136 0.0193858 0.0128672 0.0158533 0.0156041 0.0130832 0.0200074 0.0708121 0.115623 0.116139 0.113371 0.113682 0 
0.359119 0.106206 0.0318552 0.0187544 0.0165739 0.0154826 0.0161702 0.0262349 0.0788415 0.360282 0.10431 0.0310817 0.0189552 0.0173539 0.0161999 0.0177811 0.0284443 0.0826885 0.397825 0.209177 0.0629311 0.0377096 0.0339277 0.0316825 0.0339513 0.0546759 0.161374 0.159537 0.159934 0.157332 0.157851 0 
0.0973069 0.0581412 0.0499559 0.0482692 0.0686065 0.0607428 0.0546113 0.0576332 0.0562388 0.0723864 0.0530331 0.0517247 0.0537923 0.0855987 0.085148 0.0796857 0.0863799 0.0795412 0.155438 0.109267 0.100432 0.100869 0.143926 0.138722 0.129091 0.137345 0.130971 0.108683 0.304266 0.0502673 0.101896 0 
0.0193631 0.0156523 0.0175385 0.0246139 0.0462908 0.070569 0.0592269 0.0340837 0.0201351 0.0194551 0.0163256 0.0202672 0.034618 0.11861 0.365814 0.347256 0.0653491 0.0258781 0.0387898 0.0319638 0.0377919 0.0591812 0.164093 0.378795 0.36375 0.0993858 0.0460037 0.153295 0.157849 0.159626 0.151968 0 
0.252906 0.100712 0.0605615 0.0457027 0.04917 0.0610652 0.0935081 0.225968 0.295886 0.253939 0.105403 0.063951 0.0501132 0.0536378 0.065791 0.103089 0.242372 0.306323 0.383124 0.205282 0.124375 0.0957572 0.102667 0.126604 0.195759 0.374861 0.395483 0.285881 0.288803 0.28844 0.282423 0 
0.349695 0.106621 0.0501082 0.038544 0.0453761 0.0397934 0.0333787 0.0387987 0.0546226 0.101797 0.0543177 0.0386971 0.0348773 0.045227 0.0437878 0.0403362 0.0525147 0.111867 0.371674 0.160033 0.0887495 0.0732306 0.0904451 0.0834489 0.073652 0.0911309 0.165393 0.147987 0.149949 0.151933 0.15369 0 
0.0271342 0.0747148 0.364699 0.0810024 0.0266466 0.0187005 0.0141714 0.0155628 0.0163554 0.0267816 0.0563433 0.249869 0.0706311 0.0298329 0.0224407 0.0171549 0.0177216 0.0174657 0.0538693 0.130386 0.390817 0.149747 0.056389 0.0410635 0.0313148 0.0332564 0.0338211 0.141109 0.128828 0.12954 0.141325 0 
0.0867722 0.146203 0.230933 0.288561 0.271839 0.162782 0.0991325 0.0779836 0.0789402 0.103733 0.173996 0.247648 0.242887 0.183501 0.114907 0.0768626 0.0645375 0.0663333 0.190249 0.307028 0.382637 0.392659 0.380352 0.273712 0.175934 0.142491 0.145234 0.321811 0.320744 0.316712 0.321787 0 
0.0609179 0.119553 0.319753 0.362089 0.327893 0.12351 0.0547089 0.0369046 0.0314484 0.0354733 0.0446957 0.0668193 0.07106 0.0741061 0.0529345 0.0399886 0.034739 0.0381419 0.0962556 0.163688 0.352104 0.377793 0.359905 0.175732 0.0946481 0.071615 0.0695659 0.227017 0.217393 0.221061 0.227704 0 
0.228035 0.228206 0.218804 0.121707 0.091589 0.0862988 0.112573 0.185583 0.203754 0.219641 0.203125 0.18527 0.113047 0.08898 0.0863329 0.105016 0.17252 0.201997 0.371749 0.369961 0.361483 0.233523 0.180476 0.17254 0.216744 0.333515 0.359003 0.334955 0.335343 0.336056 0.338305 0 
0.34998 0.0773707 0.0431477 0.0431732 0.0806369 0.0853396 0.0446076 0.0431661 0.076726 0.354052 0.0778162 0.0442455 0.0447267 0.0791948 0.0806522 0.0437588 0.042746 0.0753367 0.39862 0.154983 0.0873897 0.0878412 0.159342 0.164838 0.0882984 0.0858456 0.151898 0.199031 0.200804 0.19695 0.19831 0 
0.167765 0.229017 0.146764 0.0830974 0.0602656 0.0417308 0.0331425 0.0343152 0.0423636 0.061946 0.0710627 0.056643 0.043173 0.0401504 0.0386974 0.0366976 0.0481783 0.0803064 0.219981 0.273726 0.197406 0.12549 0.100001 0.0801609 0.0697891 0.0824233 0.122054 0.161401 0.155173 0.14825 0.155216 0 
0.163509 0.108388 0.100772 0.121821 0.139506 0.13641 0.0991963 0.0931358 0.103404 0.148952 0.129859 0.139599 0.236885 0.317136 0.293862 0.155209 0.132928 0.136263 0.299123 0.236568 0.23894 0.335565 0.380756 0.37191 0.252036 0.224834 0.237649 0.330948 0.319588 0.330244 0.318791 0 
0.0451629 0.0614331 0.120709 0.17238 0.297938 0.278463 0.0981847 0.0594231 0.0496267 0.0593347 0.0904531 0.251848 0.263619 0.222158 0.147221 0.0685503 0.0473814 0.0402321 0.104471 0.151732 0.340088 0.361795 0.383778 0.363023 0.166547 0.106777 0.0897511 0.284459 0.280696 0.275966 0.278037 0 
0.0555772 0.0327146 0.0262283 0.0273057 0.0389191 0.0700248 0.227101 0.341774 0.154011 0.0610659 0.0347585 0.0278928 0.0297231 0.0419021 0.0785669 0.243584 0.345031 0.143575 0.116538 0.0674673 0.0541192 0.0570035 0.0808113 0.148476 0.370523 0.398247 0.281612 0.229566 0.235854 0.238214 0.229617 0 
0.107952 0.129664 0.213673 0.263054 0.250892 0.189819 0.193972 0.263897 0.269861 0.183873 0.111539 0.0984073 0.0809684 0.0745394 0.0598461 0.059909 0.0758 0.0874175 0.278997 0.237524 0.296918 0.323781 0.308756 0.245996 0.250106 0.320807 0.334513 0.308881 0.334991 0.30778 0.328239 0 
0.0656357 0.0606329 0.0720177 0.0701948 0.0828853 0.0632534 0.0491102 0.0473914 0.0512784 0.0762744 0.0700693 0.0846177 0.087421 0.103437 0.0737254 0.0551637 0.0497044 0.0499197 0.134618 0.126372 0.148519 0.14906 0.169423 0.131298 0.103056 0.0961513 0.0999202 0.0515833 0.121459 0.0971977 0.301442 0 
0.0573837 0.0643769 0.0887861 0.156817 0.321494 0.344754 0.328642 0.290659 0.147776 0.0859365 0.0565742 0.052819 0.0577344 0.0772645 0.0704519 0.0678796 0.0690436 0.0567846 0.143048 0.120867 0.141449 0.21296 0.359897 0.370404 0.359697 0.336831 0.203306 0.276568 0.289443 0.280318 0.282754 0 
0.14691 0.106986 0.104408 0.128706 0.25677 0.291686 0.249579 0.184618 0.140241 0.096504 0.0711333 0.0701098 0.0790264 0.123403 0.148252 0.177901 0.215571 0.212177 0.240648 0.177954 0.174375 0.20728 0.349091 0.373842 0.368063 0.354743 0.331205 0.322918 0.333195 0.329492 0.336193 0 
0.113406 0.0858816 0.0717224 0.0657093 0.072128 0.0795198 0.0879287 0.0981946 0.126231 0.206658 0.270699 0.266323 0.263913 0.297615 0.292219 0.247951 0.170629 0.129459 0.301926 0.334787 0.320076 0.314448 0.3437 0.345628 0.318284 0.260928 0.249917 0.3519 0.342658 0.345432 0.348841 0 
0.209425 0.155192 0.0992636 0.0881983 0.0812797 0.0984507 0.145379 0.184692 0.218139 0.252159 0.198832 0.125975 0.108219 0.104115 0.135043 0.210775 0.24424 0.228259 0.380517 0.332614 0.224166 0.19601 0.185273 0.23175 0.333512 0.367185 0.372736 0.341363 0.338113 0.34358 0.338177 0 
0.108137 0.108641 0.136046 0.186217 0.208571 0.206244 0.195978 0.171068 0.19483 0.111253 0.109229 0.133256 0.184877 0.199425 0.201678 0.187066 0.161329 0.183209 0.219182 0.217674 0.266554 0.347227 0.365889 0.364242 0.351752 0.318678 0.355914 0.351059 0.354298 0.350462 0.352277 0 
0.200532 0.131319 0.147658 0.232942 0.263056 0.155847 0.0949902 0.0911144 0.0748763 0.0611001 0.0468498 0.0538451 0.0685083 0.088888 0.0959006 0.125445 0.252775 0.287879 0.253922 0.177599 0.199923 0.287177 0.324294 0.244173 0.21722 0.31596 0.334833 0.286251 0.288902 0.292285 0.298582 0 
0.0748072 0.108688 0.247688 0.28311 0.259918 0.181888 0.106068 0.0739389 0.0567888 0.060094 0.0818367 0.147107 0.206675 0.278648 0.265542 0.146903 0.0863811 0.069703 0.134874 0.190178 0.356955 0.383987 0.391698 0.375854 0.250497 0.160219 0.126464 0.32211 0.31927 0.323164 0.325105 0 
0.10967 0.223323 0.318139 0.20503 0.080037 0.0498549 0.0404793 0.0433985 0.0589101 0.111643 0.239998 0.32768 0.20624 0.0800977 0.0486645 0.0403708 0.0426483 0.0578452 0.219073 0.375189 0.39761 0.357269 0.16006 0.0985054 0.0808462 0.0860262 0.116739 0.271562 0.266268 0.266526 0.272333 0 
0.0374612 0.0372908 0.051549 0.0521075 0.0561918 0.0537181 0.0370422 0.034081 0.0378823 0.0607701 0.112656 0.301513 0.345415 0.35984 0.301704 0.11831 0.0596604 0.0422289 0.0981782 0.149716 0.331733 0.363027 0.37544 0.334568 0.155125 0.0936857 0.0800414 0.252721 0.24435 0.244476 0.248119 0 
0.0729337 0.0675044 0.0694576 0.0684549 0.0694938 0.0849466 0.117319 0.203793 0.307812 0.345125 0.331326 0.260294 0.145057 0.0965968 0.0714039 0.0675204 0.0721884 0.0681098 0.371846 0.363769 0.314511 0.21184 0.165757 0.156025 0.183931 0.268073 0.348503 0.302603 0.299599 0.292475 0.292936 0 
0.0303175 0.016515 0.0150917 0.0139145 0.0193452 0.0278037 0.0714441 0.261617 0.0739786 0.0310984 0.0199793 0.0184338 0.0172692 0.0228474 0.0319856 0.0937276 0.323804 0.0832965 0.06121 0.0364213 0.0335045 0.0311725 0.0420986 0.0596903 0.163343 0.387751 0.155724 0.134161 0.142828 0.142618 0.133093 0 
0.163702 0.145132 0.148584 0.111284 0.187698 0.181554 0.116905 0.187435 0.175828 0.164561 0.151914 0.157169 0.115598 0.212834 0.188255 0.120183 0.191389 0.180845 0.314744 0.290716 0.29887 0.226521 0.361713 0.343144 0.236859 0.352546 0.337039 0.342598 0.340969 0.34313 0.340772 0 
0.154825 0.292702 0.313104 0.125292 0.0904762 0.07365 0.0632648 0.0633392 0.0639599 0.0770255 0.102678 0.120998 0.0940364 0.086606 0.0805466 0.0750547 0.080325 0.0941033 0.228654 0.34787 0.363189 0.216043 0.175967 0.153059 0.137755 0.143225 0.157456 0.240118 0.231014 0.244287 0.251887 0 
0.117975 0.102539 0.097126 0.102306 0.120841 0.136253 0.195984 0.287021 0.307921 0.277612 0.176367 0.14577 0.145619 0.142213 0.12337 0.125249 0.122945 0.121467 0.356025 0.272295 0.240287 0.245107 0.258033 0.255135 0.304799 0.363895 0.372959 0.339224 0.344302 0.329746 0.329546 0 
